[ 4.49518516e+04  4.28380117e-05  2.27763550e+03 -4.33703125e+02
  2.89669258e+04  1.60256765e-04 -2.82970917e+02  8.31090656e-05
  3.44595044e+03  2.57554427e-02  1.62942000e-02  6.04123343e-04
  1.11599836e+01  1.28947716e+01  1.44139595e+01]
[ 3.9598648e+04  3.1758780e-05  2.6073232e+03 -8.2186261e+02
  2.9071590e+04  1.6861016e-04 -2.8536531e+01  3.9270904e-05
  2.0151971e+03  2.5877705e-02  1.6215863e-02  7.3465184e-05
  1.0859767e+01  1.2511265e+01  1.4411152e+01]
[3.4916758e+04 2.9227012e-05 2.6285315e+03 2.9256308e+02 2.9493828e+04
 1.6100943e-04 1.2611947e+02 4.0023937e-05 1.9339431e+03 2.4832208e-02
 1.6346004e-02 2.8814605e-04 1.0067223e+01 1.2051673e+01 1.4471112e+01]
[ 2.9606645e+04  2.5994781e-05  1.9301597e+03 -2.7132159e+02
  2.9597234e+04  1.5944784e-04  8.8200665e+02  1.7162260e-05
  1.5266735e+03  2.5351986e-02  1.6084308e-02 -1.7380304e-04
  9.5812979e+00  1.1697992e+01  1.4515944e+01]
[ 2.6720398e+04  2.2088680e-05  1.0535339e+03 -1.2260448e+02
  2.9573664e+04  1.5428416e-04  1.9539071e+03  1.7515813e-05
  1.5704358e+03  2.5538635e-02  1.5988586e-02 -3.0841480e-04
  8.5574808e+00  1.1235063e+01  1.4652714e+01]
[ 2.14153340e+04  1.07597094e-04  9.24393311e+02  1.01352264e+03
  2.90914141e+04 -5.89855132e-04  2.01121338e+03 -1.34115951e-04
  2.55883789e+03  2.59877779e-02  1.60281323e-02 -5.67156298e-04
  8.57009315e+00  1.10877323e+01  1.45108042e+01]
[ 1.82528223e+04  2.10491518e-04  1.32985034e+03  7.79273743e+02
  2.86951895e+04 -1.60092930e-03  2.20118506e+03 -3.63779895e-04
  1.09075098e+03  2.61701290e-02  1.57502498e-02 -8.78790801e-04
  8.27987194e+00  1.09435291e+01  1.45184765e+01]
[ 1.8162340e+04  1.1650473e-05  1.1614600e+03 -6.4748299e+01
  2.8484479e+04  1.5990184e-04  1.1263591e+03 -4.7177193e-05
 -6.4516235e+01  2.6474522e-02  1.5698306e-02 -1.0586946e-03
  8.3419113e+00  1.0684658e+01  1.4457142e+01]
[ 1.93954902e+04  4.58663526e-05  1.07045129e+03  4.68875916e+02
  2.81944727e+04 -1.85600918e-04  1.31519946e+03 -7.41979820e-05
  2.43528491e+03  2.61238273e-02  1.59454700e-02 -6.06507820e-04
  7.86954498e+00  1.04036722e+01  1.44108925e+01]
[ 1.9730256e+04  7.3223500e-06  1.0823636e+03  1.2385864e+03
  2.7674031e+04  1.5990697e-04  8.6130615e+01 -1.8334136e-05
  2.1851062e+03  2.6068162e-02  1.6166015e-02 -8.5659616e-04
  8.6003895e+00  1.0388030e+01  1.4430456e+01]
[ 1.6168507e+04  1.2251193e-04  1.4014226e+03  1.8159093e+03
  2.7750770e+04 -8.8595646e-04  4.3547507e+02 -1.8616812e-04
  3.9724578e+03  2.5681213e-02  1.6127134e-02 -2.3401798e-04
  8.1560926e+00  1.0596252e+01  1.4345404e+01]
[ 1.3755842e+04  2.0780596e-04  7.1099158e+02  2.8369209e+03
  2.7028340e+04 -1.7424478e-03 -5.7464380e+02 -3.3298935e-04
  5.3856025e+03  2.5483444e-02  1.6367417e-02  5.7571818e-04
  7.2493157e+00  1.0053760e+01  1.4357260e+01]
[ 1.2191665e+04  2.8633076e-07  2.1747757e+02  1.6212422e+03
  2.6852930e+04  1.4408040e-04 -3.0428389e+03  6.1870240e-05
  6.6096401e+03  2.5569316e-02  1.6341278e-02  1.7229224e-03
  8.1515837e+00  1.0039555e+01  1.4339736e+01]
[ 1.2340152e+04  3.3761808e-06 -1.0919495e+01  1.3630243e+03
  2.7202012e+04  1.3093019e-04 -3.3057256e+03  1.2021712e-04
  1.0050931e+04  2.5732890e-02  1.6409405e-02  3.0065582e-03
  7.9735785e+00  9.7399836e+00  1.4349283e+01]
[ 1.27921299e+04 -1.24093740e-05 -1.08563324e+02  1.16239417e+03
  2.72672598e+04  1.37240393e-04 -3.91187329e+03  1.63823162e-04
  1.30322383e+04  2.63588186e-02  1.64039917e-02  4.31260327e-03
  7.92619944e+00  9.49102211e+00  1.43500233e+01]
[ 1.3596599e+04 -4.3557848e-05  4.6130810e+01  1.6044585e+03
  2.6949369e+04  1.6229301e-04 -3.5693501e+03  1.8403365e-04
  1.4027174e+04  2.6117306e-02  1.6541710e-02  4.4943201e-03
  7.0165601e+00  9.3837585e+00  1.4395570e+01]
[ 1.6090137e+04 -2.2758319e-05  1.7978491e+02  1.9383597e+03
  2.6886064e+04  1.4970105e-04 -2.0495542e+03  1.8502836e-04
  1.3173649e+04  2.5800731e-02  1.6497754e-02  3.5913088e-03
  6.9692454e+00  9.6389780e+00  1.4464289e+01]
[ 1.7773479e+04 -7.0413835e-06  2.0916434e+02  4.7845306e+02
  2.7263723e+04  1.4217109e-04 -3.1825644e+02  1.0667755e-04
  8.2691104e+03  2.5870960e-02  1.6192511e-02  2.1551575e-03
  6.6928353e+00  9.5695171e+00  1.4540278e+01]
[ 1.86359062e+04 -1.41858445e-05  2.28474335e+02  7.60609802e+02
  2.68561758e+04  1.56311260e-04 -1.35432825e+03  9.16362114e-06
  3.29051196e+03  2.59900130e-02  1.62183326e-02  9.72498499e-04
  7.02274609e+00  9.48546791e+00  1.45449352e+01]
[ 2.0120947e+04 -1.1220042e-05  7.5712891e+01 -3.1096140e+02
  2.6531936e+04  1.5741792e-04 -4.7156320e+02 -4.0949864e-05
  2.0164133e+02  2.6197834e-02  1.5899876e-02  2.0507131e-04
  6.8411565e+00  9.4769840e+00  1.4527872e+01]
[ 2.2050910e+04 -1.4028052e-05  3.3009805e+02 -4.1342078e+02
  2.6602410e+04  1.6227184e-04 -3.7451237e+01 -5.2178373e-05
 -3.9355030e+01  2.5934953e-02  1.6003750e-02  8.8775894e-05
  7.5772848e+00  9.3270187e+00  1.4562169e+01]
[ 2.1590891e+04 -7.3382625e-06  6.5570123e+02 -1.0859574e+03
  2.6673205e+04  1.5549616e-04  5.3239374e+02 -3.9313796e-05
  1.4354684e+01  2.5647284e-02  1.5756851e-02  3.2936988e-04
  7.4486752e+00  9.4719543e+00  1.4524620e+01]
[ 1.9711926e+04 -1.5965035e-05  1.2726324e+03 -1.3245570e+03
  2.6936988e+04  1.6293445e-04  5.3297498e+02 -4.2936437e-05
  4.2622330e+01  2.5285106e-02  1.5797867e-02  7.4907340e-04
  7.3401299e+00  9.5037737e+00  1.4381914e+01]
[ 1.7591797e+04 -1.7999238e-05  3.1564680e+03  9.5659711e+02
  2.5728760e+04  1.6569765e-04 -6.2466931e+02 -1.9606598e-05
  4.4743985e+02  2.5801275e-02  1.5627211e-02  1.2400448e-03
  6.9673886e+00  9.7715988e+00  1.4407004e+01]
[ 1.7354488e+04 -1.8662426e-05  3.1042605e+03  1.0498485e+03
  2.6483494e+04  1.6811251e-04  5.5238330e+02 -3.1625299e-05
  4.2360241e+01  2.6111174e-02  1.5744852e-02  8.8406011e-04
  6.5536032e+00  9.7049847e+00  1.4459118e+01]
[ 1.6470023e+04 -1.1663248e-05  2.8097302e+03  1.1586025e+03
  2.6212227e+04  1.6172626e-04  1.0496320e+03 -2.4444276e-05
  1.7153000e+02  2.6623940e-02  1.5633184e-02  1.1774062e-03
  6.6506681e+00  9.7999849e+00  1.4518454e+01]
[ 1.3909270e+04 -2.6428870e-06  4.0305420e+03  3.8117705e+03
  2.5617129e+04  1.5288316e-04  6.0347314e+03 -2.1077940e-06
  4.1273489e+02  2.5348915e-02  1.5615355e-02  2.0976223e-03
  6.6626549e+00  9.8702278e+00  1.4633416e+01]
[ 1.4315201e+04 -2.4565679e-06  3.4128442e+03  3.4859443e+03
  2.4767055e+04  1.4771934e-04  7.5767080e+03 -5.2723171e-06
  2.7466321e+02  2.4621200e-02  1.5473048e-02  2.0501695e-03
  6.6876550e+00  9.5488396e+00  1.4583164e+01]
[8.8698916e+03 9.8673490e-06 6.7965083e+03 6.6836050e+03 2.4440996e+04
 1.3994901e-04 1.7386982e+04 2.4321896e-05 2.0700192e+02 2.2696296e-02
 1.5437802e-02 3.5424721e-03 6.6114016e+00 9.7477999e+00 1.4695460e+01]
[4.0649294e+03 2.8691702e-05 9.5989180e+03 8.7148096e+03 2.1322832e+04
 1.2485619e-04 2.3604072e+04 9.0267429e-05 5.7497040e+02 1.8965606e-02
 1.5737878e-02 5.0258227e-03 7.0105553e+00 1.0129839e+01 1.4598532e+01]
[1.6099468e+03 4.0044015e-05 1.1232673e+04 9.7064238e+03 1.8690865e+04
 1.0970763e-04 3.0264900e+04 1.2874720e-04 9.9570148e+02 1.6947029e-02
 1.5464007e-02 6.2744967e-03 6.8724461e+00 1.0052372e+01 1.4473864e+01]
[4.5904111e+02 6.0316055e-05 1.1990963e+04 1.1481481e+04 1.6304395e+04
 9.1034228e-05 3.5824988e+04 1.8140464e-04 2.1782874e+03 1.4610914e-02
 1.6689265e-02 7.6869391e-03 6.3731580e+00 1.0135344e+01 1.4451463e+01]
[2.46501297e+02 7.26295548e-05 1.21834795e+04 9.96648926e+03
 1.63196250e+04 8.16086467e-05 3.91744062e+04 1.67782244e-04
 2.05615088e+03 1.58639979e-02 1.67177636e-02 8.14470742e-03
 6.72529268e+00 9.94396210e+00 1.44147396e+01]
[5.3431271e+01 7.1262533e-05 1.1326642e+04 9.9743955e+03 1.6836025e+04
 8.7013308e-05 3.3614754e+04 1.5584173e-04 2.2215940e+03 1.6015429e-02
 1.7206250e-02 7.5538522e-03 7.5006342e+00 1.0480069e+01 1.3989399e+01]
[-4.0690671e+02  9.1551177e-05  1.0063883e+04  1.1513317e+04
  1.6184550e+04  6.9582406e-05  3.3350957e+04  1.6694193e-04
  3.1859258e+03  1.5258095e-02  1.7191755e-02  7.4510192e-03
  7.2599735e+00  1.0621513e+01  1.4019146e+01]
[-2.8687515e+02  1.0044774e-04  1.0050573e+04  1.2375476e+04
  1.3313870e+04  4.8875409e-05  3.5013051e+04  2.0106172e-04
  5.2367959e+03  1.4305745e-02  1.6267855e-02  8.4292181e-03
  6.7237005e+00  1.0112326e+01  1.3982532e+01]
[-1.32588287e+02  1.06308114e-04  9.91647363e+03  1.50793457e+04
  1.09307988e+04  3.67600369e-05  3.31140586e+04  2.37221539e-04
  7.93849121e+03  1.34934299e-02  1.58359613e-02  8.91991332e-03
  6.29140854e+00  9.85663128e+00  1.39459620e+01]
[-1.2536290e+02  8.9260677e-05  1.0078767e+04  1.7295121e+04
  8.2262676e+03  3.6977370e-05  3.1667141e+04  2.5489164e-04
  8.8562383e+03  1.4323570e-02  1.4532567e-02  9.1781579e-03
  5.8010149e+00  9.1833372e+00  1.4004948e+01]
[5.51103882e+02 6.65006810e-05 8.35763867e+03 2.35008750e+04
 7.65402734e+03 3.97555632e-05 3.35020625e+04 2.56349653e-04
 8.05168750e+03 1.37298284e-02 1.31325675e-02 8.39690119e-03
 5.49713993e+00 8.90017700e+00 1.41898775e+01]
[1.7930775e+02 5.0533341e-05 7.0112642e+03 2.5584986e+04 6.2016899e+03
 4.1374500e-05 3.4927004e+04 2.6307403e-04 7.2673096e+03 1.2404527e-02
 1.1959385e-02 7.8394003e-03 5.3396969e+00 8.6357374e+00 1.4337398e+01]
[-6.1371271e+02  6.2706808e-05  7.0092749e+03  2.4824590e+04
  4.8452720e+03  3.3320368e-05  3.9094547e+04  2.8869169e-04
  7.3332817e+03  9.5834574e-03  1.2575900e-02  8.5922517e-03
  5.1673174e+00  8.7516127e+00  1.4526354e+01]
[-1.92238480e+02  3.12908487e-05  6.95939062e+03  2.23647832e+04
  5.77793896e+03  5.71581659e-05  3.67307344e+04  2.55414954e-04
  5.83831445e+03  1.04533825e-02  1.17719164e-02  8.88839085e-03
  5.75809717e+00  9.36716652e+00  1.39241018e+01]
[3.21071053e+00 1.39155245e-05 5.94879541e+03 2.43454160e+04
 5.67800928e+03 7.61706397e-05 2.98674805e+04 2.55134422e-04
 6.60809277e+03 9.46061593e-03 1.22620910e-02 8.47190339e-03
 6.94288063e+00 1.03943872e+01 1.33625355e+01]
[-1.5528473e+02  5.8216128e-06  6.6600522e+03  2.5049996e+04
  6.6468066e+03  9.4371295e-05  1.8456311e+04  2.6011819e-04
  7.3987466e+03  9.4801718e-03  1.4005296e-02  7.7019273e-03
  7.7151599e+00  1.1167116e+01  1.2931507e+01]
[5.0500916e+02 8.0387699e-06 7.7390830e+03 2.3528811e+04 7.7675786e+03
 1.0441057e-04 1.5482448e+04 2.6955522e-04 7.9944937e+03 1.0196994e-02
 1.4781460e-02 8.0482261e-03 8.1973381e+00 1.1922161e+01 1.2768442e+01]
[7.35291870e+02 2.70812961e-05 6.74978906e+03 2.64603496e+04
 6.14860059e+03 8.73738463e-05 1.43754385e+04 3.05946247e-04
 1.08558008e+04 8.04075133e-03 1.50204105e-02 8.27174261e-03
 8.77504635e+00 1.20094728e+01 1.28313541e+01]
[5.26849915e+02 4.67767495e-05 6.45867480e+03 3.05278047e+04
 5.16997461e+03 6.97150681e-05 1.78138379e+04 3.51036113e-04
 1.45684492e+04 5.26779285e-03 1.58835463e-02 8.63352418e-03
 9.03899956e+00 1.19523945e+01 1.28642073e+01]
[1.18318164e+03 9.18086589e-05 6.80655322e+03 2.77676035e+04
 4.95865967e+03 2.55545019e-05 2.84854492e+04 3.62082297e-04
 1.58648955e+04 4.84275864e-03 1.55371614e-02 9.60685872e-03
 8.53393650e+00 1.07019291e+01 1.33601074e+01]
[1.12474268e+03 9.94120419e-05 6.93486572e+03 2.69940918e+04
 4.53182422e+03 1.24585385e-05 3.16598418e+04 3.55906086e-04
 1.57125098e+04 5.91184432e-03 1.48166129e-02 1.00683421e-02
 8.21443748e+00 1.00212593e+01 1.35752535e+01]
[ 5.4395648e+02  1.1818911e-04  7.2549790e+03  2.5669506e+04
  4.2379673e+03 -7.0209353e-07  3.2826477e+04  3.5583766e-04
  1.5966235e+04  7.4347467e-03  1.4495303e-02  1.0336002e-02
  7.5004244e+00  9.6371708e+00  1.3904422e+01]
[ 8.4064514e+02  1.1132413e-04  7.4236152e+03  2.5894607e+04
  4.4944180e+03 -3.7862774e-06  3.6394902e+04  3.5535643e-04
  1.4912449e+04  6.8810494e-03  1.4031913e-02  1.0518251e-02
  6.9024229e+00  9.1829987e+00  1.4043666e+01]
[ 5.69415527e+02  1.11970774e-04  7.65571191e+03  2.54411914e+04
  3.62959546e+03 -5.77992250e-06  3.79205781e+04  3.59459635e-04
  1.51406436e+04  7.30449660e-03  1.36115933e-02  1.04993256e-02
  6.52830458e+00  9.01627254e+00  1.40753069e+01]
[1.9653537e+02 9.9180921e-05 8.0966069e+03 2.5961883e+04 2.8123176e+03
 3.7678619e-06 3.7125293e+04 3.6219036e-04 1.5466190e+04 8.2738381e-03
 1.3186089e-02 1.0226563e-02 6.3732538e+00 8.9434490e+00 1.4036095e+01]
[ 1.6623569e+02  1.2019176e-04  7.2396509e+03  2.3558268e+04
  3.2805005e+03 -9.3184572e-06  3.7720879e+04  3.5070159e-04
  1.5552102e+04  7.7616987e-03  1.3189648e-02  1.0031018e-02
  6.6233640e+00  9.2142973e+00  1.3896524e+01]
[-1.90627960e+02  1.17018004e-04  7.25772461e+03  2.22545938e+04
  3.21256177e+03  7.30637112e-07  3.67390508e+04  3.46040266e-04
  1.51302432e+04  8.26108549e-03  1.33371223e-02  9.95276310e-03
  7.02284002e+00  9.61428642e+00  1.38816366e+01]
[-1.12169777e+02  1.39125797e-04  5.95132861e+03  2.03362402e+04
  3.07334424e+03 -1.15081275e-05  3.19203691e+04  3.37761419e-04
  1.52718926e+04  7.03392783e-03  1.38200084e-02  9.79521405e-03
  7.52233696e+00  1.01857681e+01  1.36069698e+01]
[ 3.20347214e+01  1.33975831e-04  5.29598535e+03  1.63343828e+04
  3.42046289e+03 -7.48986349e-06  3.23028164e+04  3.04890127e-04
  1.28678145e+04  7.08058570e-03  1.33863706e-02  9.93093569e-03
  8.12745571e+00  1.04176655e+01  1.33709030e+01]
[1.50241165e+02 1.12534384e-04 5.09037256e+03 1.51981855e+04
 3.30609814e+03 9.07565845e-06 3.27861562e+04 2.98350700e-04
 1.17791387e+04 6.75696693e-03 1.34594580e-02 9.53850895e-03
 8.65025616e+00 1.06256771e+01 1.30457163e+01]
[3.5471414e+02 1.1953170e-04 4.4043496e+03 1.5518129e+04 3.0897197e+03
 5.3718686e-06 3.2681053e+04 3.1782093e-04 1.1722069e+04 4.8341802e-03
 1.4219515e-02 9.5420433e-03 8.6108999e+00 1.0789305e+01 1.3151690e+01]
[ 4.1292398e+02  1.4376277e-04  4.6041250e+03  1.0659639e+04
  3.3642971e+03 -1.7519531e-05  3.9364125e+04  3.1031706e-04
  1.1619878e+04  5.4525197e-03  1.3292070e-02  1.0237978e-02
  8.2758045e+00  1.0190126e+01  1.3366016e+01]
[ 2.05273056e+02  1.48376406e-04  4.31645605e+03  1.06479941e+04
  2.53390503e+03 -2.11723454e-05  3.94980078e+04  3.12696444e-04
  1.22814639e+04  5.50999166e-03  1.29013499e-02  1.01483474e-02
  8.60361195e+00  1.01612215e+01  1.34363928e+01]
[ 2.3418755e+02  1.5580257e-04  4.1885542e+03  1.0578219e+04
  1.9805317e+03 -2.6425005e-05  4.1280695e+04  3.2151394e-04
  1.3107359e+04  5.0899936e-03  1.2765346e-02  1.0389880e-02
  8.7921114e+00  1.0225357e+01  1.3485167e+01]
[-2.3760851e+02  1.6919670e-04  3.5572380e+03  1.0166079e+04
  1.2441816e+03 -3.6091158e-05  4.1365207e+04  3.2973124e-04
  1.3862545e+04  4.6546259e-03  1.2015176e-02  1.0172077e-02
  8.6975565e+00  1.0245023e+01  1.3738648e+01]
[-3.6051297e+02  1.9015932e-04  2.8434570e+03  7.8495493e+03
  1.1998094e+03 -5.2461481e-05  4.5129641e+04  3.2710092e-04
  1.4118486e+04  4.3406319e-03  1.1437600e-02  1.0141205e-02
  8.7391043e+00  1.0066709e+01  1.3934714e+01]
[-4.2475089e+02  1.6749073e-04  2.1450850e+03  9.5776963e+03
  7.4414972e+02 -3.4551158e-05  4.2655383e+04  3.3087359e-04
  1.3420272e+04  3.9053361e-03  1.0840861e-02  9.6319560e-03
  9.0356684e+00  1.0471893e+01  1.3948157e+01]
[-4.3423608e+02  1.6702681e-04  1.5956858e+03  8.7350947e+03
  3.5563116e+02 -4.1367493e-05  4.9118551e+04  3.4209009e-04
  1.2427122e+04  2.0413713e-03  1.0452744e-02  9.7980574e-03
  8.5539846e+00  1.0044823e+01  1.4194326e+01]
[-3.4726471e+02  1.9140998e-04  7.5295959e+02  5.6861787e+03
  5.2617773e+02 -5.9235361e-05  5.2376789e+04  3.4946116e-04
  1.1997938e+04  7.0338469e-04  1.0752064e-02  9.8257260e-03
  8.3390598e+00  9.8607016e+00  1.4418463e+01]
[-2.2229301e+02  2.2158585e-04  2.7869669e+02  3.7905334e+03
  9.4825293e+02 -8.5646338e-05  5.3092523e+04  3.4887009e-04
  1.2770835e+04  2.9801132e-04  1.0801644e-02  9.6968617e-03
  8.1223927e+00  9.4153652e+00  1.4517948e+01]
[-1.1831545e+02  2.4432360e-04 -9.1883499e+01  4.0230520e+03
  1.2732373e+03 -1.0375145e-04  4.9017785e+04  3.5545614e-04
  1.4346388e+04 -2.9305526e-04  1.1191132e-02  9.4172647e-03
  8.0390434e+00  9.3532600e+00  1.4458583e+01]
[-2.0192189e+02  2.8804690e-04 -2.8377530e+02  5.1570928e+03
  1.1212803e+03 -1.3543890e-04  4.1148121e+04  3.6884728e-04
  1.6765660e+04 -4.6987805e-04  1.2480200e-02  9.1215149e-03
  7.5430732e+00  9.1075478e+00  1.4546658e+01]
[ 1.02620804e+02  3.53664014e-04  3.14170166e+02  4.36233154e+02
  7.78708801e+02 -1.77469978e-04  4.12859609e+04  3.80506390e-04
  1.99240820e+04 -2.77623709e-04  1.34740761e-02  9.61790327e-03
  7.33307266e+00  8.81157112e+00  1.46841240e+01]
[ 1.3914673e+02  3.5459563e-04 -1.1888924e+01  2.2951062e+03
  7.9143329e+02 -1.7447074e-04  3.3614289e+04  3.8434708e-04
  2.0309838e+04 -2.7154764e-04  1.4475162e-02  9.5513500e-03
  7.7330685e+00  9.0056839e+00  1.4688676e+01]
[ 3.1465134e+01  3.5178364e-04 -2.2354462e+02  4.1815420e+03
  7.6525433e+02 -1.6189969e-04  1.8381920e+04  3.9406089e-04
  2.0967035e+04  4.7008023e-05  1.6215449e-02  9.4175469e-03
  8.3006296e+00  9.5375748e+00  1.4674628e+01]
[-6.9348244e+01  3.3003677e-04 -1.8446214e+02  8.0331069e+03
  6.5404242e+02 -1.4532352e-04  1.1912451e+04  3.9892233e-04
  2.0611605e+04  1.6062675e-04  1.6758958e-02  9.2857294e-03
  8.3164244e+00  9.7626724e+00  1.4631678e+01]
[-4.8056650e+02  2.9562885e-04 -7.5157251e+02  1.6400570e+04
  3.6444214e+02 -1.2552994e-04  4.7066763e+03  4.0120017e-04
  2.0263352e+04  3.0585375e-04  1.6660009e-02  8.7457942e-03
  8.3408909e+00  9.8994217e+00  1.4696184e+01]
[-5.38203735e+02  2.66796764e-04 -6.42579590e+02  2.02101758e+04
  1.39260925e+02 -1.09930574e-04  3.35309570e+03  3.93500610e-04
  1.94654414e+04  1.51758350e-03  1.64761562e-02  8.69196281e-03
  8.38354397e+00  9.59909344e+00  1.47236061e+01]
[-6.44892212e+02  2.15232023e-04 -2.98898834e+02  3.15653223e+04
 -1.18284744e+02 -8.06639073e-05  1.40538742e+02  4.26994986e-04
  2.06721660e+04  1.59822626e-03  1.65858306e-02  8.52584746e-03
  7.98491669e+00  9.56696892e+00  1.46990881e+01]
[-7.4274652e+02  1.8983521e-04 -2.8621429e+02  3.7239703e+04
  6.7437431e+01 -7.0613605e-05 -1.2797157e+03  4.3803742e-04
  2.0704057e+04  2.1755493e-03  1.6597362e-02  8.7557239e-03
  7.3924541e+00  9.3808517e+00  1.4648725e+01]
[-7.2164850e+02  1.6646158e-04  2.6390643e+02  4.4827438e+04
  9.8673180e+01 -6.0236976e-05  1.1382092e+00  4.5887550e-04
  2.1596232e+04  2.1961424e-03  1.6536837e-02  8.9880982e-03
  6.4991937e+00  9.3346348e+00  1.4655326e+01]
[-9.2230542e+02  1.5723334e-04  3.8634103e+02  4.7818863e+04
 -8.3959778e+01 -5.2640775e-05 -1.9787703e+03  4.7034418e-04
  2.2391342e+04  2.4882231e-03  1.6605381e-02  9.0543237e-03
  6.2476535e+00  9.5439157e+00  1.4654526e+01]
[-9.2028687e+02  1.3477502e-04  8.9992302e+01  5.1877398e+04
 -3.9158817e+02 -3.9783808e-05 -2.3164180e+03  4.7996981e-04
  2.1891211e+04  1.7694887e-03  1.6447984e-02  8.8898260e-03
  5.8329468e+00  9.6361990e+00  1.4678917e+01]
[-8.8384540e+02  1.2416294e-04  1.7260213e+02  5.5052008e+04
 -4.6610825e+02 -3.4057455e-05 -9.6277625e+02  4.8017249e-04
  2.2101695e+04  1.8530962e-03  1.6319301e-02  8.9160660e-03
  5.8420191e+00  9.7054825e+00  1.4635926e+01]
[-4.7689175e+02  1.2213143e-04  3.8658260e+01  5.2398059e+04
  5.7186794e+01 -3.1601463e-05 -8.7109613e+02  4.6909918e-04
  2.0842750e+04  1.1926598e-03  1.6367175e-02  8.7289661e-03
  5.7571740e+00  9.7211485e+00  1.4534962e+01]
[-3.4436938e+02  1.1071509e-04  4.4427025e+01  5.3139273e+04
 -2.8640262e+02 -2.4342946e-05  1.3941005e+03  4.6707009e-04
  1.9977818e+04  7.3427049e-04  1.6230397e-02  8.7228864e-03
  5.7554688e+00  9.7370310e+00  1.4552019e+01]
[-4.55468475e+02  8.37892730e-05  3.69011475e+02  5.27557422e+04
 -5.54607727e+02  5.81944914e-06  2.37586035e+03  4.58492927e-04
  1.87959414e+04  1.12687494e-03  1.62327867e-02  8.94301571e-03
  6.99810266e+00  1.03875885e+01  1.46307068e+01]
[-6.1842151e+02  7.2723968e-05  9.2391132e+02  5.1922020e+04
 -8.9296686e+02  1.9969164e-05  1.7928038e+03  4.5698497e-04
  1.8919357e+04  1.8876794e-03  1.6128823e-02  8.9277336e-03
  7.4277668e+00  1.0633309e+01  1.4609595e+01]
[-9.86242188e+02  7.39194729e-05  9.16506470e+02  5.07433477e+04
 -1.37752454e+03  3.18641905e-05  3.86399200e+02  4.77020483e-04
  2.03400840e+04  1.86505867e-03  1.57532766e-02  8.79040640e-03
  8.57834816e+00  1.12544460e+01  1.49375925e+01]
[-9.81949158e+02  5.46171541e-05  2.25448608e+03  4.96511484e+04
 -1.56888745e+03  5.17975532e-05 -6.06098511e+02  4.72942978e-04
  2.04859219e+04  3.75794875e-03  1.54078370e-02  8.42123851e-03
  8.88063812e+00  1.12057552e+01  1.49228325e+01]
[-6.2266412e+02  3.9814167e-05  2.8297126e+03  4.8413812e+04
 -2.0413018e+03  7.6897930e-05 -2.3184087e+03  4.8395773e-04
  2.1693285e+04  5.1021851e-03  1.4529253e-02  7.6868599e-03
  1.0218248e+01  1.1809698e+01  1.5088542e+01]
[-9.9222626e+02 -1.4554890e-05  5.4411484e+03  5.0068000e+04
 -2.3317170e+03  1.2404128e-04 -3.4853918e+03  4.7590878e-04
  2.1761631e+04  9.2554614e-03  1.4211346e-02  7.4284216e-03
  1.0714405e+01  1.1745127e+01  1.4932763e+01]
[-1.1111967e+03 -6.9231341e-05  9.2634180e+03  5.2583410e+04
 -1.8810413e+03  1.6842884e-04 -3.9947871e+03  4.9980881e-04
  2.3145840e+04  1.3251989e-02  1.4262987e-02  7.7901152e-03
  1.0357918e+01  1.1551765e+01  1.4765353e+01]
[-1.47515381e+03 -9.38817902e-05  1.06613379e+04  5.21027305e+04
 -1.49249292e+03  1.85640121e-04 -3.61371313e+03  4.77963564e-04
  2.26178594e+04  1.51865445e-02  1.41128581e-02  7.81543273e-03
  1.06246061e+01  1.13057718e+01  1.45011406e+01]
[-1.55415015e+03 -1.28592961e-04  1.37180801e+04  5.13655586e+04
 -1.33053638e+03  2.15402164e-04 -2.47454541e+03  4.76823043e-04
  2.24972598e+04  1.74411554e-02  1.42849935e-02  7.74574047e-03
  9.50405979e+00  1.06231747e+01  1.44877796e+01]
[-1.6472120e+03 -1.3317559e-04  1.4514204e+04  4.7646980e+04
 -2.9632849e+03  2.2982658e-04 -2.1295566e+03  4.7297045e-04
  2.1887961e+04  1.8597409e-02  1.4282154e-02  6.8233204e-03
  9.9106503e+00  1.0811588e+01  1.4412632e+01]
[-1.1096167e+03 -1.3059097e-04  1.6480051e+04  4.6730973e+04
 -1.8815314e+03  2.2880218e-04 -1.5391128e+03  5.1479886e-04
  2.4134818e+04  1.8989459e-02  1.4884121e-02  7.5425054e-03
  8.6325941e+00  1.0687372e+01  1.4263733e+01]
[-1.6673738e+03 -1.0512303e-04  1.7134188e+04  4.6631973e+04
 -1.8852815e+03  2.2397231e-04 -5.0121375e+02  5.1197503e-04
  2.4648121e+04  1.9513054e-02  1.5882863e-02  7.7494481e-03
  8.5664053e+00  1.1404614e+01  1.4192380e+01]
[-2.2821365e+03 -7.0026232e-05  1.6633180e+04  4.2091848e+04
 -1.8067256e+03  2.0583984e-04  1.2963792e+03  4.5663517e-04
  2.2679285e+04  1.9712090e-02  1.6370056e-02  7.7134632e-03
  8.8837576e+00  1.1891587e+01  1.3783157e+01]
[-2.4754805e+03 -5.7607573e-05  1.7258324e+04  3.9704078e+04
 -1.8042502e+03  2.0413258e-04  2.9907715e+03  4.5452255e-04
  2.3033293e+04  2.0095492e-02  1.6797258e-02  7.8981211e-03
  8.8735447e+00  1.2209797e+01  1.3567113e+01]
[-2.4754805e+03 -5.7607573e-05  1.7258324e+04  3.9704078e+04
 -1.8042502e+03  2.0413258e-04  2.9907715e+03  4.5452255e-04
  2.3033293e+04  2.0095492e-02  1.6797258e-02  7.8981211e-03
  8.8735447e+00  1.2209797e+01  1.3567113e+01]
[-1.6728210e+03 -6.0235550e-05  1.5966191e+04  3.7415902e+04
 -1.0656257e+03  2.0081003e-04  3.1254373e+03  4.1089198e-04
  2.1840293e+04  1.9435517e-02  1.6546499e-02  7.5650252e-03
  9.5780773e+00  1.2887269e+01  1.2318071e+01]
[-1.53271265e+03 -4.68890285e-05  1.56180439e+04  3.60777930e+04
 -7.99618896e+02  1.93599699e-04  3.69993188e+03  3.96979303e-04
  2.13949551e+04  1.95727590e-02  1.67124476e-02  7.46016763e-03
  9.61067963e+00  1.30858755e+01  1.21572189e+01]
[-1.1618317e+03 -6.6030232e-05  1.4584038e+04  3.2898246e+04
 -8.1529700e+02  2.0511108e-04  3.4578953e+03  3.2822086e-04
  1.8670131e+04  1.9264746e-02  1.6375965e-02  6.7415694e-03
  1.0639333e+01  1.3751244e+01  1.0826279e+01]
[-1.1618317e+03 -6.6030232e-05  1.4584038e+04  3.2898246e+04
 -8.1529700e+02  2.0511108e-04  3.4578953e+03  3.2822086e-04
  1.8670131e+04  1.9264746e-02  1.6375965e-02  6.7415694e-03
  1.0639333e+01  1.3751244e+01  1.0826279e+01]
[-6.9200116e+02 -8.6659114e-05  1.3977382e+04  3.3419535e+04
  5.0585842e+01  2.1126348e-04  1.5236764e+03  3.1804675e-04
  1.7769604e+04  1.7288707e-02  1.6260192e-02  6.6378457e-03
  1.0866128e+01  1.3835272e+01  1.0403603e+01]
[-5.3624121e+02 -9.8704957e-05  1.4138104e+04  3.2422121e+04
  3.5432169e+02  2.2233548e-04  1.5189143e+03  2.9534003e-04
  1.6305399e+04  1.7363587e-02  1.6459685e-02  6.5091066e-03
  1.1354705e+01  1.4044570e+01  1.0178944e+01]
[-2.7165833e+02 -1.0571834e-04  1.3782911e+04  3.3122652e+04
  1.1173430e+03  2.2577352e-04  5.6008093e+02  2.8569510e-04
  1.5037045e+04  1.6896389e-02  1.6459908e-02  6.1940341e-03
  1.1323107e+01  1.3853102e+01  1.0450067e+01]
[-2.7165833e+02 -1.0571834e-04  1.3782911e+04  3.3122652e+04
  1.1173430e+03  2.2577352e-04  5.6008093e+02  2.8569510e-04
  1.5037045e+04  1.6896389e-02  1.6459908e-02  6.1940341e-03
  1.1323107e+01  1.3853102e+01  1.0450067e+01]
[ 3.5016736e+02 -1.3899137e-04  1.5063067e+04  3.7737617e+04
  2.6055796e+03  2.4998322e-04 -9.6747821e+02  3.3761936e-04
  1.7395525e+04  1.5873387e-02  1.6919171e-02  6.8002730e-03
  1.1561243e+01  1.4338140e+01  1.0371304e+01]
[ 8.2355151e+02 -1.1747201e-04  1.4620084e+04  3.8597832e+04
  2.9568215e+03  2.3252962e-04 -1.3846301e+03  3.6892961e-04
  1.8913023e+04  1.5986277e-02  1.6782761e-02  7.1567316e-03
  1.1191381e+01  1.4207042e+01  1.0811171e+01]
[ 4.6124060e+02 -9.3370822e-05  1.3553574e+04  4.0743477e+04
  2.3140791e+03  2.1110350e-04 -4.9163306e+02  3.8289462e-04
  2.0581564e+04  1.5597106e-02  1.6733490e-02  7.3710238e-03
  1.1274910e+01  1.4109011e+01  1.0985836e+01]
[ 4.6124060e+02 -9.3370822e-05  1.3553574e+04  4.0743477e+04
  2.3140791e+03  2.1110350e-04 -4.9163306e+02  3.8289462e-04
  2.0581564e+04  1.5597106e-02  1.6733490e-02  7.3710238e-03
  1.1274910e+01  1.4109011e+01  1.0985836e+01]
[ 8.3879419e+02 -1.0203432e-04  1.3278367e+04  4.2790570e+04
  2.8148215e+03  2.1607606e-04 -2.0523574e+03  3.9463505e-04
  2.1035766e+04  1.5172520e-02  1.6805243e-02  7.6664318e-03
  1.1494237e+01  1.4487194e+01  1.0862020e+01]
[ 6.4759924e+02 -1.1047459e-04  1.3194075e+04  4.2573184e+04
  2.4424607e+03  2.2132706e-04 -1.8886085e+03  3.8875328e-04
  2.0460707e+04  1.4818282e-02  1.6645787e-02  7.2893733e-03
  1.1433160e+01  1.4383601e+01  1.0826692e+01]
[ 4.66110962e+02 -7.05150451e-05  1.12860312e+04  3.89668242e+04
  2.99574194e+03  1.91748171e-04 -7.23270752e+02  3.33585980e-04
  1.82865664e+04  1.39067871e-02  1.68819632e-02  6.47586538e-03
  1.15827341e+01  1.43004360e+01  1.06631365e+01]
[ 5.4143726e+02 -8.3859253e-05  1.0486242e+04  3.9411863e+04
  2.8228347e+03  2.0177959e-04 -2.0216409e+03  3.2107145e-04
  1.6352917e+04  1.3531043e-02  1.6790876e-02  6.2642028e-03
  1.1857992e+01  1.4513300e+01  1.0755253e+01]
[ 1.36238037e+02 -8.76844715e-05  1.02051045e+04  3.85766211e+04
  2.36539868e+03  2.03861186e-04 -2.00190869e+03  3.15465848e-04
  1.49298301e+04  1.28036691e-02  1.68509744e-02  6.32292451e-03
  1.15741796e+01  1.45258636e+01  1.08256664e+01]
[ 1.36238037e+02 -8.76844715e-05  1.02051045e+04  3.85766211e+04
  2.36539868e+03  2.03861186e-04 -2.00190869e+03  3.15465848e-04
  1.49298301e+04  1.28036691e-02  1.68509744e-02  6.32292451e-03
  1.15741796e+01  1.45258636e+01  1.08256664e+01]
[-4.73567291e+02 -2.85086790e-05  7.49280469e+03  3.28743633e+04
  2.36598608e+03  1.62268014e-04  4.75985947e+01  2.66909163e-04
  1.19994219e+04  1.04679875e-02  1.73841715e-02  5.15399454e-03
  1.20910740e+01  1.43837900e+01  1.10317087e+01]
[-1.9032852e+02 -2.5710113e-05  7.5884019e+03  3.6651020e+04
  2.2990771e+03  1.5872216e-04 -6.4208630e+02  3.1594306e-04
  1.4606216e+04  9.9475821e-03  1.7289370e-02  5.5254195e-03
  1.1860874e+01  1.4337613e+01  1.1490542e+01]
[-1.54186920e+02  2.20141592e-05  5.07181104e+03  3.48104258e+04
  8.91324219e+02  1.10538465e-04 -5.30282349e+02  3.37763282e-04
  1.52862900e+04  6.47018896e-03  1.67376604e-02  6.25045411e-03
  1.16764059e+01  1.39324751e+01  1.19365711e+01]
[ 8.0650659e+02  3.6881638e-06  4.8511045e+03  3.1840162e+04
  2.6780901e+03  1.2465630e-04 -3.1959812e+03  3.0471975e-04
  1.1708341e+04  7.8980820e-03  1.5964719e-02  5.0692996e-03
  1.1542678e+01  1.3946720e+01  1.1966995e+01]
[ 8.0650659e+02  3.6881638e-06  4.8511045e+03  3.1840162e+04
  2.6780901e+03  1.2465630e-04 -3.1959812e+03  3.0471975e-04
  1.1708341e+04  7.8980820e-03  1.5964719e-02  5.0692996e-03
  1.1542678e+01  1.3946720e+01  1.1966995e+01]
[ 8.3183167e+02  1.8052950e-05  2.3504529e+03  3.1559602e+04
  1.8789425e+03  1.1694301e-04 -2.7593496e+03  3.4018024e-04
  1.0761134e+04  4.8526144e-03  1.5858524e-02  4.0659523e-03
  1.1888190e+01  1.4092086e+01  1.2804454e+01]
[ 2.7952310e+02  1.2186784e-05  3.2811418e+03  3.5170508e+04
  2.2419446e+03  1.1771330e-04 -1.2101555e+03  3.3611970e-04
  1.1744161e+04  4.3292502e-03  1.6658753e-02  4.9690274e-03
  1.1576054e+01  1.3812192e+01  1.2701787e+01]
[ 5.9156006e+02 -2.4082847e-06  1.9756526e+03  2.9327992e+04
  2.8080859e+03  1.3659362e-04 -7.5258051e+02  3.1499832e-04
  7.1669414e+03  4.2183362e-03  1.6563043e-02  3.2472515e-03
  1.1723333e+01  1.3781865e+01  1.3002963e+01]
[ 5.9156006e+02 -2.4082847e-06  1.9756526e+03  2.9327992e+04
  2.8080859e+03  1.3659362e-04 -7.5258051e+02  3.1499832e-04
  7.1669414e+03  4.2183362e-03  1.6563043e-02  3.2472515e-03
  1.1723333e+01  1.3781865e+01  1.3002963e+01]
[ 6.4128040e+02 -1.0211373e-05  2.2478713e+03  2.9196570e+04
  3.5082917e+03  1.4224385e-04 -3.5433503e+03  2.9891569e-04
  7.9244023e+03  5.4987706e-03  1.6385788e-02  2.6003644e-03
  1.2138960e+01  1.4154119e+01  1.2318197e+01]
[ 2.8744399e+03  8.3795658e-07  4.3878067e+02  2.4662973e+04
  3.8601663e+03  1.2622400e-04 -4.0314124e+03  2.8395670e-04
  5.6936826e+03  6.7017218e-03  1.4564084e-02  2.3153035e-03
  1.1688700e+01  1.3533397e+01  1.2829717e+01]
[ 3.8676597e+03  2.6493835e-05 -3.2904044e+02  2.3766158e+04
  2.4551333e+03  1.0730553e-04 -2.3784082e+03  3.1524658e-04
  6.1832397e+03  4.9587172e-03  1.4266656e-02  2.6931125e-03
  1.1461249e+01  1.3494444e+01  1.3330394e+01]
[ 3.8676597e+03  2.6493835e-05 -3.2904044e+02  2.3766158e+04
  2.4551333e+03  1.0730553e-04 -2.3784082e+03  3.1524658e-04
  6.1832397e+03  4.9587172e-03  1.4266656e-02  2.6931125e-03
  1.1461249e+01  1.3494444e+01  1.3330394e+01]
[ 4.5385410e+03  1.5869875e-05 -7.9801508e+02  2.0943402e+04
  2.2652588e+03  1.1369115e-04 -4.7719268e+03  3.0389006e-04
  5.0389600e+03  6.6513820e-03  1.2998109e-02  1.6404736e-03
  1.1547785e+01  1.3394194e+01  1.3344889e+01]
[ 1.6482101e+03  6.3988455e-06 -2.6702322e+02  2.2067447e+04
  2.7462144e+03  1.1858231e-04 -5.0498892e+03  2.8319043e-04
  5.2973091e+03  6.3442145e-03  1.4121759e-02  1.8197986e-03
  1.1491427e+01  1.3181351e+01  1.2886682e+01]
[ 3.3035215e+03  5.2276109e-06 -1.1258574e+03  1.8022418e+04
  2.8319326e+03  1.2192995e-04 -6.0092480e+03  2.7712877e-04
  3.9314353e+03  7.7364328e-03  1.3005607e-02  1.0492200e-03
  1.1735537e+01  1.3374813e+01  1.2967387e+01]
[ 3.3035215e+03  5.2276109e-06 -1.1258574e+03  1.8022418e+04
  2.8319326e+03  1.2192995e-04 -6.0092480e+03  2.7712877e-04
  3.9314353e+03  7.7364328e-03  1.3005607e-02  1.0492200e-03
  1.1735537e+01  1.3374813e+01  1.2967387e+01]
[ 5.6960884e+03  6.2304453e-06 -8.8783374e+02  1.6226300e+04
  2.5430920e+03  1.2850764e-04 -4.2552803e+03  2.9789488e-04
  3.0103052e+03  6.7409319e-03  1.3008249e-02  7.3620956e-04
  1.1776929e+01  1.3741219e+01  1.3166440e+01]
[ 4.68627002e+03  1.28710280e-05 -1.64527637e+03  1.23709014e+04
  2.41263135e+03  1.28183805e-04 -5.35853662e+03  2.99151900e-04
  2.32762817e+03  7.22300634e-03  1.26254279e-02 -3.53392243e-04
  1.19915285e+01  1.38951988e+01  1.32908316e+01]
[-3.8099396e+01 -3.2010166e-06 -6.9784363e+01  1.8039352e+04
  1.4997371e+03  1.4561057e-04 -3.9186440e+03  3.1218160e-04
  3.9321604e+03  3.5783714e-03  1.5603821e-02  1.7120662e-04
  1.2470540e+01  1.4100709e+01  1.2832715e+01]
[ 4.3661787e+03 -2.4114315e-06 -1.3623531e+03  8.5259678e+03
  1.8442012e+03  1.4364290e-04 -4.6366797e+03  3.0422921e-04
  1.6882786e+03  5.5649136e-03  1.2879261e-02 -3.7542076e-04
  1.2586145e+01  1.4350801e+01  1.2777191e+01]
[ 7.91724121e+03 -1.65051715e-05 -1.30278064e+03  5.24553418e+03
  2.32191724e+03  1.57883682e-04 -4.72781885e+03  2.89585674e-04
  3.04329395e+00  7.83218723e-03  1.14225745e-02 -7.94614840e-04
  1.29155884e+01  1.44454765e+01  1.29742908e+01]
[ 7.6246714e+03 -3.5848632e-05 -3.5901062e+02  9.1163018e+03
  1.4259246e+03  1.6586851e-04 -4.4842051e+03  2.5127732e-04
  6.0507660e+02  1.0150060e-02  1.1133430e-02 -1.2242502e-04
  1.2876876e+01  1.4016523e+01  1.2534205e+01]
[ 9.19689941e+03 -5.06901124e-05  4.14222229e+02  8.30068652e+03
  5.87570251e+02  1.72209315e-04 -4.95297168e+03  2.18574220e-04
  7.01467468e+02  1.44820595e-02  8.85274448e-03 -2.07546705e-04
  1.27729588e+01  1.36633415e+01  1.24534655e+01]
[ 1.2918072e+04 -3.6344591e-05 -3.9190044e+01  9.6253301e+03
  9.6821924e+02  1.5768941e-04 -5.2982852e+03  2.1942932e-04
  1.1098267e+03  1.7836049e-02  7.3559312e-03  3.7777383e-05
  1.2647033e+01  1.3668151e+01  1.2815609e+01]
[ 1.8710107e+04 -1.0544062e-05 -9.7341760e+02  6.2858379e+03
  1.8129459e+03  1.4402313e-04 -2.6523533e+03  2.4408038e-04
  3.0379733e+02  1.7325211e-02  6.8722093e-03 -2.2417419e-04
  1.2781268e+01  1.4171382e+01  1.3128869e+01]
[ 2.1206773e+04 -1.4890671e-05 -5.8456116e+02  6.3523296e+03
  1.2685714e+03  1.3971384e-04 -2.8746360e+03  2.4639961e-04
  7.6904755e+02  2.0043405e-02  4.6751895e-03 -3.0048509e-04
  1.2635619e+01  1.3917686e+01  1.3328681e+01]
