[ 4.73009766e+04  6.44058528e-05  2.02876123e+03 -3.86291931e+02
  2.86509688e+04  1.45860453e-04 -2.17353683e+02  1.21523226e-04
  4.14645264e+03  2.61204988e-02  1.60588175e-02  9.59272380e-04
  1.18031216e+01  1.35691309e+01  1.44521294e+01]
[ 4.9432160e+04  3.8357564e-05  1.9552568e+03 -7.5445782e+02
  2.8792211e+04  1.5940939e-04 -1.2182434e+03  4.3957116e-05
  9.8751917e+02  2.5622590e-02  1.5827127e-02  2.8489574e-04
  1.0683605e+01  1.2530714e+01  1.4428331e+01]
[ 3.81341641e+04  3.78806471e-05  2.23501074e+03 -1.45363297e+02
  2.90503379e+04  1.58804120e-04 -8.65800171e+02  1.79928102e-05
  4.96626770e+02  2.51392499e-02  1.61805935e-02  1.43851692e-04
  1.06769495e+01  1.23832083e+01  1.43816757e+01]
[ 3.5875609e+04  3.9932322e-05  1.6406862e+03 -4.8366907e+02
  2.9107863e+04  1.5763400e-04 -8.8943268e+01  4.0887953e-05
  2.0525276e+03  2.5710499e-02  1.6244167e-02  2.1748856e-04
  1.0675100e+01  1.2520966e+01  1.4409653e+01]
[ 2.5816096e+04  3.0790663e-05  1.2042578e+03  1.2657099e+02
  2.9711127e+04  1.5233882e-04  2.1512886e+03  1.9006184e-05
  1.6401594e+03  2.5769435e-02  1.5939785e-02 -5.0744205e-04
  9.0106649e+00  1.1600523e+01  1.4610039e+01]
[ 1.7939605e+04  4.6165119e-04  1.6737017e+03  2.0749509e+03
  2.9245320e+04 -3.6928232e-03  3.0734172e+03 -7.2354084e-04
  4.2733892e+03  2.5837312e-02  1.6001584e-02 -6.6985720e-04
  8.8960495e+00  1.1358660e+01  1.4397547e+01]
[ 1.4234593e+04  2.3026539e-04  2.9114160e+03  2.5739690e+03
  2.8308797e+04 -1.7538059e-03  1.5911501e+03 -3.7088775e-04
  2.9903562e+03  2.5187591e-02  1.5710354e-02 -8.6778804e-04
  9.3506756e+00  1.1312180e+01  1.4268329e+01]
[ 1.6256561e+04  1.6584728e-04  2.4822944e+03  2.1832993e+03
  2.8587775e+04 -1.1303513e-03  1.3770353e+03 -2.3267485e-04
  3.9448501e+03  2.5458409e-02  1.5996084e-02 -7.2241575e-04
  9.3805637e+00  1.1327771e+01  1.4273003e+01]
[ 1.6647549e+04  1.4696451e-05  2.9578635e+03  1.4776027e+03
  2.8364367e+04  1.6246506e-04  1.0360261e+03 -4.8446382e-06
  2.9403518e+03  2.5295958e-02  1.5826408e-02 -9.6436735e-04
  9.3098927e+00  1.1015081e+01  1.4177394e+01]
[ 1.54826191e+04  2.26088414e-05  2.63589941e+03  2.22009839e+03
  2.84066914e+04  1.03797356e-04  6.71589478e+02  1.59484625e-06
  4.04316528e+03  2.48990562e-02  1.60490461e-02 -4.97686851e-04
  9.28496933e+00  1.09013634e+01  1.41598244e+01]
[ 1.3577453e+04  2.9861930e-04  2.5771917e+03  3.3959353e+03
  2.7782100e+04 -2.3996013e-03  1.5164957e+03 -4.1601274e-04
  8.1403042e+03  2.4276705e-02  1.6173180e-02  2.6854884e-04
  8.6943073e+00  1.0874371e+01  1.4066023e+01]
[ 1.0798238e+04  6.1197252e-06  1.8314021e+03  1.6870875e+03
  2.7292803e+04  8.9800393e-05 -1.7960873e+02  7.0633287e-06
  4.5896030e+03  2.4854733e-02  1.5805589e-02  5.2735599e-04
  8.1427727e+00  1.0053277e+01  1.4163930e+01]
[ 9.8752334e+03  1.5571572e-05  7.1355432e+02  9.4417517e+02
  2.7865979e+04  1.2606152e-04 -1.7359540e+03  9.1879228e-05
  8.8102344e+03  2.4927018e-02  1.6178668e-02  2.3019067e-03
  8.3517466e+00  9.9149570e+00  1.4160879e+01]
[ 1.2902353e+04  2.3701232e-06  3.7913309e+02  4.3717581e+02
  2.8345529e+04  1.2736025e-04 -2.2199143e+03  1.0394994e-04
  9.9262002e+03  2.5008528e-02  1.6486650e-02  3.4321814e-03
  8.1879740e+00  9.2147951e+00  1.4304176e+01]
[ 1.2031026e+04 -1.7842953e-05  6.9007584e+01  4.0718256e+02
  2.8318914e+04  1.3987624e-04 -3.2256016e+03  1.2620087e-04
  1.1907037e+04  2.5462007e-02  1.6584292e-02  4.4620303e-03
  8.0521507e+00  9.0703878e+00  1.4235637e+01]
[ 1.5120033e+04 -4.6792866e-05  6.0888770e+02  1.6737522e+03
  2.7699064e+04  1.6147678e-04 -2.0073781e+03  2.0514560e-04
  1.5744737e+04  2.4761377e-02  1.6990958e-02  4.6728747e-03
  6.8724918e+00  8.9697332e+00  1.4302796e+01]
[ 1.6783422e+04 -5.4807597e-06  4.3096307e+02  2.0618381e+03
  2.7676168e+04  1.3546355e-04 -2.7529544e+02  1.7886775e-04
  1.2906730e+04  2.4529887e-02  1.6818712e-02  3.2102813e-03
  7.4077330e+00  9.4352312e+00  1.4465551e+01]
[ 1.5947173e+04 -3.5890766e-06  5.3730389e+02  8.2205060e+02
  2.8149924e+04  1.4435043e-04  1.8745729e+03  7.7050245e-05
  7.1186733e+03  2.5436638e-02  1.6243147e-02  1.4432624e-03
  6.6159563e+00  9.5957680e+00  1.4434584e+01]
[ 1.6191387e+04 -6.9576708e-07  2.8353203e+01 -4.7719058e+02
  2.8229975e+04  1.5171034e-04  9.3592664e+02 -1.2191722e-05
  1.6221373e+03  2.6405239e-02  1.5948342e-02  4.8518364e-04
  6.9852047e+00  9.9216595e+00  1.4593612e+01]
[ 1.9209434e+04 -7.9357324e-07  3.2828093e+00 -8.7447015e+02
  2.7970354e+04  1.5299389e-04  1.8084025e+03 -6.0189217e-05
 -4.8482394e+02  2.6200306e-02  1.5884815e-02 -3.4616963e-04
  6.9955020e+00  9.5315418e+00  1.4524245e+01]
[ 2.0513531e+04 -9.0721960e-06  4.5152194e+02 -6.8965851e+02
  2.7069596e+04  1.6030326e-04  7.3493066e+02 -5.6550605e-05
 -3.6384164e+02  2.5698302e-02  1.5981812e-02 -3.0686680e-04
  7.2792830e+00  9.4977503e+00  1.4480752e+01]
[ 1.9819652e+04 -8.3148325e-06  2.3906532e+02 -6.2762598e+02
  2.7051121e+04  1.5911527e-04  1.2816080e+03 -5.5653116e-05
 -5.2602887e+02  2.5557067e-02  1.5960544e-02 -2.1419923e-04
  7.2372160e+00  9.5196114e+00  1.4496690e+01]
[ 1.7446646e+04 -3.1512980e-05  1.3854062e+03  3.6354263e+02
  2.6702316e+04  1.8031057e-04 -3.7210794e+02 -4.4034285e-05
 -2.3517847e+02  2.5796639e-02  1.6102526e-02  4.1651505e-04
  6.7587810e+00  9.7394276e+00  1.4521448e+01]
[ 1.7259691e+04 -2.3355406e-05  1.8685750e+03 -1.3180061e+02
  2.6893842e+04  1.7173670e-04 -4.2792273e+02 -3.5109893e-05
  2.1163011e+02  2.6832283e-02  1.5834905e-02  5.2001653e-04
  6.2936239e+00  9.7203627e+00  1.4545660e+01]
[ 1.6853539e+04 -2.2570455e-05  1.6078817e+03 -6.9145667e+02
  2.7067877e+04  1.7274596e-04  4.5188535e+02 -4.0891246e-05
 -6.5228043e+01  2.7044391e-02  1.5855681e-02  4.3098492e-04
  6.5158315e+00  9.7281437e+00  1.4601448e+01]
[ 1.5500135e+04 -1.1459681e-05  1.8012738e+03  4.8639118e+01
  2.6711775e+04  1.6468155e-04  6.1791687e+02 -4.5685079e-05
 -1.4062088e+02  2.6817581e-02  1.5881857e-02  3.5883122e-04
  7.1873732e+00  9.7668858e+00  1.4530165e+01]
[ 1.4696006e+04 -1.8532412e-05  2.4114287e+03 -7.7067950e+02
  2.6290369e+04  1.6770323e-04  6.9636578e+02 -5.2068426e-05
 -2.1073654e+02  2.6102366e-02  1.5876055e-02  5.8452354e-04
  7.7392993e+00  9.4152203e+00  1.4484550e+01]
[ 1.1783986e+04 -9.0236563e-06  4.0676772e+03  2.3655764e+03
  2.5375182e+04  1.6163388e-04  5.6048423e+03 -1.8913357e-05
  5.7406254e+01  2.5184611e-02  1.5701002e-02  1.6036662e-03
  7.9336071e+00  9.7874470e+00  1.4660110e+01]
[ 1.1694188e+04  2.1666630e-05  2.8111985e+03  5.2871411e+02
  2.6317037e+04  1.3683896e-04  7.0902173e+03 -1.1533177e-05
  4.2484448e+02  2.5493886e-02  1.5520772e-02  1.9111115e-03
  8.8546257e+00  1.0098875e+01  1.4660022e+01]
[1.1758285e+04 3.5070854e-05 2.0670850e+03 1.3476797e+03 2.5308631e+04
 1.2642781e-04 9.4536562e+03 4.6067362e-06 7.2212732e+02 2.5947448e-02
 1.5395722e-02 1.9965197e-03 8.5237837e+00 1.0404069e+01 1.4685200e+01]
[7.0257607e+03 4.8449874e-05 5.2947275e+03 4.8819497e+03 2.4962900e+04
 1.2002240e-04 1.6862227e+04 3.7315524e-05 1.0068838e+03 2.4324844e-02
 1.5748909e-02 3.6261992e-03 8.0898438e+00 1.0858101e+01 1.4662485e+01]
[3.9925537e+03 5.9787420e-05 6.1260210e+03 5.6124946e+03 2.5369613e+04
 1.1578557e-04 1.9174553e+04 5.3539225e-05 1.3271038e+03 2.4568947e-02
 1.5959918e-02 4.2617852e-03 8.2006311e+00 1.1325821e+01 1.4746086e+01]
[2.0981697e+03 6.5219698e-05 7.8552690e+03 6.9088198e+03 2.4180748e+04
 1.1680733e-04 2.1094367e+04 6.4135602e-05 1.3153887e+03 2.4218071e-02
 1.6206367e-02 4.9608229e-03 8.4360886e+00 1.1661943e+01 1.4600273e+01]
[4.0473159e+03 5.5341461e-05 6.9018296e+03 5.7376768e+03 2.2631744e+04
 1.1617887e-04 1.8081396e+04 6.9004156e-05 1.4605963e+03 2.4401430e-02
 1.5510925e-02 4.8834034e-03 8.1631050e+00 1.1379282e+01 1.4458106e+01]
[4.8598213e+03 4.5829562e-05 7.6928311e+03 7.3924395e+03 2.0827467e+04
 1.1737279e-04 1.9350084e+04 7.6294440e-05 1.4322466e+03 2.3479689e-02
 1.5157311e-02 5.1926691e-03 7.6493540e+00 1.0988358e+01 1.4378614e+01]
[7.5250762e+03 4.2009186e-05 7.2118037e+03 9.6072002e+03 1.8346209e+04
 1.0679125e-04 2.0311611e+04 1.0480625e-04 3.0775125e+03 2.2684164e-02
 1.4533198e-02 5.3214282e-03 7.2525802e+00 1.0323711e+01 1.4354425e+01]
[1.0445081e+04 3.9125356e-05 5.6202080e+03 1.0224708e+04 1.7420625e+04
 9.6424264e-05 2.1686914e+04 1.0297186e-04 3.1949067e+03 2.1632673e-02
 1.4143059e-02 5.0473711e-03 6.9586420e+00 9.5706120e+00 1.4476660e+01]
[9.9971973e+03 3.7371905e-05 4.4277578e+03 1.0425090e+04 1.6249137e+04
 8.7349385e-05 1.9683137e+04 1.2978879e-04 4.4457710e+03 2.1413540e-02
 1.3346360e-02 5.3079943e-03 6.5451522e+00 9.5090733e+00 1.4373908e+01]
[7.4221489e+03 3.1266354e-05 5.1892090e+03 1.3690150e+04 1.3422380e+04
 8.1628503e-05 2.6807754e+04 1.5532901e-04 4.5321152e+03 1.9002855e-02
 1.2633401e-02 6.3122963e-03 6.0990019e+00 9.1215439e+00 1.4441898e+01]
[3.7121013e+03 2.1093478e-05 8.3913877e+03 1.1844811e+04 1.2604171e+04
 9.0562862e-05 2.8284396e+04 1.3861796e-04 2.4496472e+03 1.8398164e-02
 1.2123355e-02 7.2368598e-03 5.6910076e+00 9.1027718e+00 1.4153139e+01]
[8.1025714e+02 1.0219731e-05 9.5834326e+03 1.2836348e+04 1.0467958e+04
 9.3705210e-05 2.8633379e+04 1.5647413e-04 2.7604641e+03 1.7867137e-02
 1.1322115e-02 7.9140039e-03 5.7203736e+00 9.1971970e+00 1.3864988e+01]
[7.87335815e+02 2.83372083e-06 9.83551270e+03 1.37395166e+04
 9.20543652e+03 1.04953135e-04 2.38342051e+04 1.69730221e-04
 3.87626855e+03 1.76232364e-02 1.21502811e-02 8.03593453e-03
 6.71639585e+00 1.01080446e+01 1.31697330e+01]
[8.09411377e+02 9.96166364e-06 1.00892607e+04 1.35004736e+04
 9.52726172e+03 9.96019080e-05 2.24729492e+04 1.76078116e-04
 4.22329785e+03 1.71894357e-02 1.26831345e-02 8.06978438e-03
 6.75249052e+00 1.00716972e+01 1.31180019e+01]
[8.7657953e+02 9.2506843e-06 1.1352685e+04 1.4010657e+04 1.1141044e+04
 1.1338843e-04 2.0452557e+04 2.0204601e-04 4.5589443e+03 1.6366284e-02
 1.4342657e-02 7.9421801e-03 7.0211821e+00 1.0742493e+01 1.3252128e+01]
[4.0520053e+02 8.1154894e-06 1.1717008e+04 1.4499794e+04 1.1009908e+04
 1.1397125e-04 2.0899436e+04 2.1133307e-04 4.9079321e+03 1.5514759e-02
 1.4940157e-02 8.0908705e-03 7.2576571e+00 1.0733694e+01 1.3175444e+01]
[1.15403755e+02 3.13856544e-05 1.01564434e+04 1.63177861e+04
 8.31658594e+03 9.04199696e-05 2.35338047e+04 2.37639819e-04
 7.03808691e+03 1.38217313e-02 1.48582514e-02 8.71337671e-03
 8.09135342e+00 1.07898779e+01 1.30722170e+01]
[-1.58277855e+01  7.01382087e-05  9.10490137e+03  1.71233828e+04
  6.76923828e+03  5.37660162e-05  3.04719551e+04  2.77660118e-04
  9.97588770e+03  1.09521430e-02  1.48106553e-02  9.52518079e-03
  7.99354315e+00  1.05328703e+01  1.32509699e+01]
[ 5.44013794e+02  1.44327219e-04  7.78936377e+03  1.56168545e+04
  6.66962109e+03 -7.95019150e-06  4.32643516e+04  3.03513050e-04
  1.14462949e+04  8.13658535e-03  1.51877021e-02  1.06059806e-02
  7.21981049e+00  9.86366749e+00  1.39082384e+01]
[ 7.14159424e+02  1.60871990e-04  7.07932617e+03  1.52106484e+04
  6.70496729e+03 -2.65932686e-05  4.91975508e+04  3.00259213e-04
  1.14996826e+04  7.76290195e-03  1.45487515e-02  1.10679567e-02
  7.00445938e+00  9.56013680e+00  1.40419807e+01]
[ 7.24336182e+02  1.66826474e-04  7.12420850e+03  1.50724795e+04
  6.52880127e+03 -4.01531288e-05  4.91871172e+04  3.04939633e-04
  1.15640732e+04  7.59933051e-03  1.38990413e-02  1.11103440e-02
  6.25087881e+00  8.96322823e+00  1.42194262e+01]
[ 3.40034149e+02  1.62242199e-04  6.00298242e+03  1.62947695e+04
  5.04554932e+03 -3.98958146e-05  4.70853789e+04  3.12586228e-04
  1.16496113e+04  6.54486334e-03  1.33775696e-02  1.04217930e-02
  6.46630335e+00  9.00177765e+00  1.42547035e+01]
[ 2.9485971e+02  1.5863941e-04  5.4490894e+03  1.6216642e+04
  4.3675605e+03 -4.0017068e-05  4.6419230e+04  3.1541658e-04
  1.2246260e+04  6.0957256e-03  1.2683845e-02  1.0270671e-02
  6.7100964e+00  9.1045036e+00  1.4128162e+01]
[-1.4173313e+01  1.4020121e-04  5.1539712e+03  1.8028533e+04
  3.8683750e+03 -2.3304499e-05  4.3977848e+04  3.1500973e-04
  1.1769105e+04  6.0890708e-03  1.2658159e-02  9.7785387e-03
  6.9341011e+00  9.4295874e+00  1.4081154e+01]
[ 1.14542915e+02  1.46880600e-04  4.98780078e+03  1.83481152e+04
  3.60240503e+03 -2.98490195e-05  4.54708242e+04  3.21545202e-04
  1.23560439e+04  5.45533141e-03  1.26616713e-02  9.91488062e-03
  6.76533651e+00  9.51074886e+00  1.39810772e+01]
[ 4.2945621e+01  1.4765169e-04  4.9315063e+03  1.6009956e+04
  3.6979480e+03 -2.6991533e-05  4.4209730e+04  3.1421281e-04
  1.2023550e+04  5.7141073e-03  1.2511287e-02  1.0070041e-02
  7.0293941e+00  9.7710161e+00  1.3873140e+01]
[ 5.4410168e+01  1.4335329e-04  4.9072295e+03  1.4397676e+04
  3.7166504e+03 -2.0973108e-05  4.2030422e+04  3.1046825e-04
  1.1829511e+04  5.9469882e-03  1.2538241e-02  1.0133723e-02
  7.3128009e+00  9.9830160e+00  1.3717441e+01]
[ 1.7102505e+02  1.3151529e-04  4.7091899e+03  1.2292145e+04
  3.6963059e+03 -8.3533741e-06  4.0560910e+04  3.0275324e-04
  1.1365260e+04  6.0295826e-03  1.2759602e-02  1.0003384e-02
  8.1461391e+00  1.0313952e+01  1.3379257e+01]
[ 4.3204306e+02  1.2693547e-04  4.7895210e+03  1.1507079e+04
  4.0817334e+03 -9.2440205e-06  4.3508582e+04  3.0283036e-04
  1.1096141e+04  5.7432656e-03  1.2263680e-02  1.0275133e-02
  8.0436249e+00  1.0142169e+01  1.3393520e+01]
[ 5.4972772e+02  1.3950652e-04  4.1630801e+03  1.0568311e+04
  3.5688274e+03 -1.9499443e-05  4.6338754e+04  3.1390975e-04
  1.1264950e+04  4.5634555e-03  1.2332000e-02  1.0489102e-02
  8.2134819e+00  1.0083969e+01  1.3531101e+01]
[ 7.4817609e+02  1.3792692e-04  3.4157634e+03  1.2779064e+04
  2.7636135e+03 -1.9772888e-05  4.4546434e+04  3.2172690e-04
  1.2200475e+04  3.6651071e-03  1.2406178e-02  1.0422566e-02
  8.8100977e+00  1.0259123e+01  1.3436043e+01]
[ 4.7960440e+02  1.4435778e-04  3.0742175e+03  1.1984346e+04
  1.8480291e+03 -2.3149587e-05  4.4272926e+04  3.2379138e-04
  1.2673924e+04  3.6485919e-03  1.2232146e-02  1.0199456e-02
  9.0443697e+00  1.0312922e+01  1.3420008e+01]
[ 2.25792389e+02  1.62880882e-04  2.45293555e+03  1.08332822e+04
  1.15393750e+03 -3.65328233e-05  4.50972383e+04  3.32428986e-04
  1.37612031e+04  3.11631639e-03  1.15378685e-02  1.01771830e-02
  9.20738983e+00  1.02700119e+01  1.36917248e+01]
[-5.38379936e+01  1.78891481e-04  2.15243286e+03  8.49220898e+03
  1.09813196e+03 -4.90406892e-05  4.67371953e+04  3.29264527e-04
  1.39038223e+04  3.27612297e-03  1.08779045e-02  1.00511005e-02
  9.06934738e+00  1.00310459e+01  1.39112091e+01]
[-1.9825835e+02  1.7621816e-04  1.4724183e+03  9.5428516e+03
  6.1596320e+02 -4.5566252e-05  4.5998090e+04  3.3726601e-04
  1.3663842e+04  2.5399509e-03  1.0668407e-02  9.7596264e-03
  9.1045780e+00  1.0208972e+01  1.4106090e+01]
[-2.3602599e+02  1.7906785e-04  1.4039197e+03  6.9824722e+03
  5.6808282e+02 -5.1185307e-05  5.2490418e+04  3.3614427e-04
  1.2292416e+04  2.0266601e-03  1.0482294e-02  9.9778948e-03
  8.6400032e+00  9.8616734e+00  1.4204723e+01]
[-1.27091484e+02  1.84186734e-04  9.72026550e+02  7.85634521e+03
  8.61255981e+02 -5.79587504e-05  5.04245781e+04  3.41488398e-04
  1.22980176e+04  1.27660471e-03  1.05323242e-02  9.85293463e-03
  8.46284294e+00  9.67142105e+00  1.43886461e+01]
[-7.6277206e+01  2.1200067e-04  6.0348083e+02  2.5084199e+03
  1.0777354e+03 -7.7948825e-05  5.4886168e+04  3.4457626e-04
  1.2136828e+04  5.9644517e-04  1.0695821e-02  9.9878153e-03
  8.3299742e+00  9.4353161e+00  1.4456464e+01]
[-2.2327966e+02  2.2218788e-04  1.3977591e+02  3.0457424e+03
  1.0401465e+03 -8.4290332e-05  5.0359457e+04  3.4415646e-04
  1.2178207e+04  5.1269907e-04  1.1692113e-02  9.3883658e-03
  8.3429756e+00  9.3442183e+00  1.4413627e+01]
[-2.2529088e+02  2.6009735e-04 -3.9201514e+02  1.0674554e+03
  9.0070496e+02 -1.1594603e-04  5.2714297e+04  3.5602206e-04
  1.3700298e+04 -4.8140998e-04  1.1547414e-02  9.3986886e-03
  7.8879423e+00  9.0405483e+00  1.4541321e+01]
[-2.7698065e+02  2.9970880e-04 -6.9026361e+02  2.0011531e+03
  7.2171899e+02 -1.4064112e-04  4.1600535e+04  3.7171377e-04
  1.6922461e+04 -8.4220048e-04  1.2491247e-02  8.9784320e-03
  7.8357086e+00  9.1305485e+00  1.4603655e+01]
[-1.03163673e+02  3.38773592e-04 -8.58014648e+02  1.20618811e+03
  6.40620789e+02 -1.68897939e-04  3.83079258e+04  3.78707278e-04
  1.91783848e+04 -9.78985336e-04  1.31079135e-02  9.00361780e-03
  7.77296257e+00  8.91819477e+00  1.46559105e+01]
[-1.1494274e+01  3.5144869e-04 -8.9762836e+02  1.1394591e+02
  6.7436749e+02 -1.6399528e-04  2.6156512e+04  3.8342009e-04
  2.0191037e+04 -6.0065265e-04  1.4901795e-02  8.9080464e-03
  8.5563078e+00  9.4052620e+00  1.4642134e+01]
[-3.8802547e+00  3.6133762e-04 -8.8033582e+02  5.4669653e+02
  6.7653156e+02 -1.6892797e-04  2.0090342e+04  3.9167458e-04
  2.0957072e+04 -4.5229166e-04  1.5629057e-02  9.1583943e-03
  8.5577288e+00  9.4684258e+00  1.4697615e+01]
[-9.2533257e+01  3.4705430e-04 -7.9912567e+02  4.5755498e+03
  6.1159711e+02 -1.5676103e-04  1.3743284e+04  4.0004522e-04
  2.1012398e+04 -5.3672388e-04  1.6373672e-02  9.1024572e-03
  8.5621157e+00  9.7572651e+00  1.4662163e+01]
[-2.7378976e+02  3.2268648e-04 -7.8407306e+02  8.9815840e+03
  4.8558221e+02 -1.4399219e-04  1.0002695e+04  3.9566934e-04
  2.0167203e+04  2.7278921e-04  1.6392371e-02  9.0242466e-03
  8.4711123e+00  9.5668621e+00  1.4738754e+01]
[-6.0134296e+02  2.7974418e-04 -8.4071594e+02  1.7508977e+04
  3.2076257e+02 -1.1767775e-04  3.9556975e+03  3.8900969e-04
  1.9147512e+04  1.2606427e-03  1.6476197e-02  8.6454432e-03
  8.4621286e+00  9.6075554e+00  1.4749058e+01]
[-7.9519153e+02  2.4274491e-04 -8.2662854e+02  2.4070680e+04
  2.3984027e+02 -9.6859825e-05 -6.6893494e+01  4.0224814e-04
  1.8883020e+04  1.5068353e-03  1.6580869e-02  8.4380647e-03
  8.1999445e+00  9.5287304e+00  1.4739994e+01]
[-7.6390955e+02  2.0269338e-04 -3.3305643e+02  3.5254840e+04
  9.9850029e+01 -7.7388970e-05 -1.4951472e+03  4.3949380e-04
  2.0912217e+04  1.8661742e-03  1.6711535e-02  8.8116555e-03
  7.4154000e+00  9.4762726e+00  1.4667234e+01]
[-1.0482198e+03  1.5167285e-04 -1.4555905e+02  4.5352281e+04
 -9.5039360e+01 -4.6448193e-05 -4.7188623e+03  4.4782143e-04
  2.0935561e+04  2.9486117e-03  1.6550479e-02  8.5409507e-03
  7.0960960e+00  9.4907646e+00  1.4665777e+01]
[-9.0097827e+02  1.3982592e-04  1.5314964e+02  5.1868320e+04
 -1.6229695e+02 -4.3545057e-05 -2.5107397e+03  4.6960908e-04
  2.2526492e+04  2.4886946e-03  1.6342198e-02  8.8833030e-03
  6.3961906e+00  9.5930367e+00  1.4627730e+01]
[-9.36562317e+02  1.26860745e-04  1.76127975e+02  5.53523125e+04
 -5.71391113e+02 -3.53299620e-05 -1.13444519e+03  4.83606855e-04
  2.27081426e+04  1.87465153e-03  1.63105316e-02  8.87839124e-03
  6.05781412e+00  9.73352051e+00  1.46487875e+01]
[-7.9897742e+02  1.1372894e-04  2.4152588e+02  5.6407582e+04
 -9.3715924e+02 -2.5355337e-05  8.0002789e+02  4.8937404e-04
  2.2079812e+04  1.1952600e-03  1.6279761e-02  8.8599026e-03
  5.7502003e+00  9.8666124e+00  1.4628814e+01]
[-6.97200256e+02  1.09241795e-04  2.78906372e+02  5.50214141e+04
 -9.83960022e+02 -2.21442169e-05  3.41747498e+02  4.91699320e-04
  2.14807969e+04  9.86340456e-04  1.62243508e-02  8.92959815e-03
  5.35824490e+00  9.82848644e+00  1.46438103e+01]
[-5.44061584e+02  9.70304463e-05  3.86947906e+02  5.39447383e+04
 -8.82391602e+02 -1.00023171e-05  4.15458496e+02  4.84495744e-04
  2.03799902e+04  6.91163237e-04  1.61300004e-02  8.78049433e-03
  5.54486036e+00  9.98152065e+00  1.46734085e+01]
[-8.1224896e+02  9.3796749e-05  6.6142706e+02  5.2936000e+04
 -6.9740552e+02 -1.5560727e-06 -8.0727368e+02  4.9690407e-04
  2.0837611e+04  9.4007869e-04  1.6133413e-02  9.1128899e-03
  5.8244195e+00  1.0278215e+01  1.4841909e+01]
[-9.8230804e+02  8.0614067e-05  8.4383801e+02  5.2298227e+04
 -8.8641248e+02  1.6032831e-05 -1.0669588e+02  4.8989715e-04
  2.0326742e+04  1.1135596e-03  1.6017053e-02  9.0400130e-03
  6.9430323e+00  1.0709894e+01  1.4918051e+01]
[-6.97976624e+02  7.99614645e-05  1.01818225e+03  5.04772617e+04
 -1.04520129e+03  2.86114300e-05 -1.68128345e+03  4.95992135e-04
  2.10700312e+04  2.00444483e-03  1.57066192e-02  8.87403358e-03
  8.29907417e+00  1.12565765e+01  1.51438055e+01]
[-5.1268909e+02  8.1840000e-05  9.7905463e+02  4.7043684e+04
 -9.4221100e+02  3.9672599e-05 -2.8288140e+03  4.7239798e-04
  2.0763355e+04  2.9007539e-03  1.5360354e-02  8.0849370e-03
  9.9360275e+00  1.1670970e+01  1.5181004e+01]
[-3.8980746e+02  5.4833272e-05  2.1887429e+03  4.7311176e+04
 -7.2405194e+02  6.6257504e-05 -2.9341111e+03  4.6346750e-04
  2.1749820e+04  5.3765727e-03  1.4593920e-02  7.7947266e-03
  1.1083414e+01  1.1952255e+01  1.4982256e+01]
[-5.49910400e+02 -4.40108033e-06  4.89461719e+03  4.80974180e+04
 -1.22005884e+03  1.16015457e-04 -3.29321362e+03  4.49306797e-04
  2.11578496e+04  9.36329644e-03  1.41598955e-02  7.21648615e-03
  1.14935312e+01  1.18428402e+01  1.46679230e+01]
[-9.96622681e+02 -5.99286250e-05  7.55919873e+03  5.15581836e+04
 -1.36649670e+03  1.57682589e-04 -3.66733813e+03  4.57727845e-04
  2.23038105e+04  1.27878468e-02  1.38900531e-02  7.39232125e-03
  1.17113495e+01  1.17786274e+01  1.43152523e+01]
[-1.3028564e+03 -9.6720149e-05  1.0551022e+04  4.9428262e+04
 -1.9360925e+03  1.9169319e-04 -2.8314417e+03  4.5131802e-04
  2.1427834e+04  1.5266665e-02  1.4065863e-02  7.0783622e-03
  1.1153859e+01  1.1301490e+01  1.4290883e+01]
[-1.1593452e+03 -1.2390148e-04  1.3505595e+04  4.9352535e+04
 -1.5277642e+03  2.1617321e-04 -2.1268369e+03  4.7886753e-04
  2.2602678e+04  1.7024424e-02  1.4400970e-02  7.4402192e-03
  1.0272482e+01  1.1148684e+01  1.4177403e+01]
[-1.0473607e+03 -1.3133655e-04  1.6086274e+04  4.7137609e+04
 -2.3158169e+03  2.3066907e-04 -1.3953488e+03  5.1152083e-04
  2.3579354e+04  1.8436739e-02  1.4944044e-02  7.1397554e-03
  8.7306652e+00  1.0601570e+01  1.4450603e+01]
[-8.46685730e+02 -1.64070225e-04  1.83129180e+04  4.89526758e+04
 -1.26418335e+02  2.72912468e-04  6.44290100e+02  4.97054833e-04
  2.43927695e+04  1.95330679e-02  1.60221662e-02  8.14738963e-03
  7.77398968e+00  1.06472301e+01  1.43068495e+01]
[-1.4028749e+03 -1.2677790e-04  1.8381598e+04  4.6723449e+04
 -8.4745758e+02  2.5052961e-04  4.0505234e+02  5.0759397e-04
  2.4568230e+04  1.9875411e-02  1.6371625e-02  8.0248853e-03
  7.5934124e+00  1.0935535e+01  1.4512883e+01]
[-1.4955414e+03 -9.3040580e-05  1.8765975e+04  4.1517695e+04
 -7.9587250e+02  2.3332212e-04  2.1973696e+03  4.8917596e-04
  2.3390324e+04  2.0934239e-02  1.6687017e-02  7.8691849e-03
  7.7874060e+00  1.1487966e+01  1.4279398e+01]
[-1.6266733e+03 -7.6831057e-05  1.8350756e+04  3.8151113e+04
 -8.1151379e+02  2.1765509e-04  2.5254744e+03  4.7251876e-04
  2.2403879e+04  2.0384621e-02  1.6637973e-02  7.8567173e-03
  8.1015587e+00  1.1706980e+01  1.3925612e+01]
[-1.2502107e+03 -4.0259838e-05  1.5656677e+04  3.4497027e+04
 -4.0500214e+02  1.8719074e-04  3.9042766e+03  4.0321398e-04
  2.1404660e+04  1.8938806e-02  1.6782742e-02  7.6303314e-03
  9.2445583e+00  1.2941628e+01  1.2201405e+01]
[-1.1292054e+03 -3.7379948e-05  1.3545346e+04  3.3658359e+04
 -3.5769370e+02  1.7860637e-04  3.5652634e+03  3.4928715e-04
  2.0148299e+04  1.7217377e-02  1.6710179e-02  7.1646827e-03
  1.0347999e+01  1.3745178e+01  1.0907501e+01]
[-1.1292054e+03 -3.7379948e-05  1.3545346e+04  3.3658359e+04
 -3.5769370e+02  1.7860637e-04  3.5652634e+03  3.4928715e-04
  2.0148299e+04  1.7217377e-02  1.6710179e-02  7.1646827e-03
  1.0347999e+01  1.3745178e+01  1.0907501e+01]
[-5.8754840e+02 -6.4154177e-05  1.2485134e+04  3.2203328e+04
  2.7157959e+02  1.9060896e-04  1.1917269e+03  2.9834773e-04
  1.7019527e+04  1.6051194e-02  1.6365301e-02  6.4918520e-03
  1.0975395e+01  1.3920336e+01  1.0196037e+01]
[-8.6768671e+02 -8.4144347e-05  1.2417018e+04  3.3420328e+04
 -3.7166910e+02  2.0669404e-04  1.0662084e+03  2.7625827e-04
  1.5386723e+04  1.6820502e-02  1.6446531e-02  6.4085671e-03
  1.1480596e+01  1.4048445e+01  1.0142199e+01]
[-5.1214233e+02 -1.1471173e-04  1.2380928e+04  3.3681430e+04
 -2.2215712e+01  2.2837592e-04  3.3858682e+02  2.5467205e-04
  1.3873118e+04  1.6595043e-02  1.6159626e-02  5.9784772e-03
  1.2037232e+01  1.4191824e+01  9.8900890e+00]
[-3.7316235e+02 -1.4307960e-04  1.2831699e+04  3.6936234e+04
  5.7825142e+01  2.4951124e-04 -5.1096530e+02  2.7959151e-04
  1.4614278e+04  1.6168507e-02  1.6277706e-02  6.2914826e-03
  1.2332713e+01  1.4586041e+01  9.8331308e+00]
[ 5.2301794e+02 -1.3659849e-04  1.4237911e+04  3.8615867e+04
  2.2324375e+03  2.4673823e-04 -1.2972357e+03  3.3904056e-04
  1.7602316e+04  1.6111083e-02  1.6610332e-02  6.8444777e-03
  1.1894324e+01  1.4529385e+01  1.0335060e+01]
[ 5.0499149e+02 -1.4932794e-04  1.5177383e+04  3.8540867e+04
  2.7748035e+03  2.5877196e-04 -4.1878973e+02  3.4118048e-04
  1.7463488e+04  1.6306972e-02  1.6850360e-02  7.0357737e-03
  1.1901039e+01  1.4503186e+01  1.0396307e+01]
[ 7.9202997e+02 -1.2947179e-04  1.4344398e+04  4.0493922e+04
  2.3071455e+03  2.3703717e-04 -1.2957150e+03  3.8037193e-04
  1.9659215e+04  1.6227417e-02  1.6345557e-02  7.4962280e-03
  1.1613246e+01  1.4284266e+01  1.0737044e+01]
[ 7.74810104e+01 -1.02899205e-04  1.33682051e+04  3.96240195e+04
  1.02792944e+03  2.14679894e-04 -5.32238403e+02  3.71055037e-04
  2.04876387e+04  1.53636085e-02  1.64648201e-02  7.51002459e-03
  1.17379799e+01  1.44698267e+01  1.02680025e+01]
[ 7.74810104e+01 -1.02899205e-04  1.33682051e+04  3.96240195e+04
  1.02792944e+03  2.14679894e-04 -5.32238403e+02  3.71055037e-04
  2.04876387e+04  1.53636085e-02  1.64648201e-02  7.51002459e-03
  1.17379799e+01  1.44698267e+01  1.02680025e+01]
[ 5.7332898e+02 -7.5911878e-05  1.1035333e+04  3.9601941e+04
  1.0741534e+03  1.8710722e-04 -1.7445408e+03  3.5603074e-04
  1.9444201e+04  1.4409986e-02  1.5748221e-02  6.7083053e-03
  1.1445341e+01  1.3950608e+01  1.0734228e+01]
[ 1.5362465e+02 -1.0552460e-04  1.2121467e+04  4.2817652e+04
  7.4989807e+02  2.0937150e-04 -1.6447274e+03  3.7508353e-04
  2.0712730e+04  1.4698627e-02  1.5954787e-02  7.2179181e-03
  1.2003362e+01  1.4116791e+01  1.0626091e+01]
[ 1.76415009e+02 -1.03733684e-04  1.13765293e+04  3.96843594e+04
  1.31547461e+03  2.12235376e-04 -1.85061230e+03  3.33484582e-04
  1.72333008e+04  1.39524061e-02  1.60946697e-02  6.04437944e-03
  1.17653399e+01  1.40283136e+01  1.07467709e+01]
[ 1.76415009e+02 -1.03733684e-04  1.13765293e+04  3.96843594e+04
  1.31547461e+03  2.12235376e-04 -1.85061230e+03  3.33484582e-04
  1.72333008e+04  1.39524061e-02  1.60946697e-02  6.04437944e-03
  1.17653399e+01  1.40283136e+01  1.07467709e+01]
[ 1.28092789e+02 -9.47897061e-05  9.76156836e+03  3.92365039e+04
  1.03983887e+03  2.04533775e-04 -2.64815698e+03  3.19403567e-04
  1.60541602e+04  1.24628255e-02  1.61042251e-02  5.51420078e-03
  1.24219503e+01  1.42867785e+01  1.06990299e+01]
[ 4.4056403e+02 -2.1435953e-05  7.4352559e+03  3.6530004e+04
  2.6020007e+03  1.5429335e-04 -1.6361128e+03  3.0990652e-04
  1.5087717e+04  1.1310889e-02  1.6943580e-02  5.7697291e-03
  1.2014517e+01  1.4505409e+01  1.1229579e+01]
[-3.0687015e+02 -2.6784846e-06  6.3367417e+03  3.4735031e+04
  1.2683933e+03  1.3934623e-04  4.8986658e+02  2.9785163e-04
  1.3575408e+04  1.0108746e-02  1.6905179e-02  5.6258366e-03
  1.2137956e+01  1.3988957e+01  1.1782160e+01]
[-3.0687015e+02 -2.6784846e-06  6.3367417e+03  3.4735031e+04
  1.2683933e+03  1.3934623e-04  4.8986658e+02  2.9785163e-04
  1.3575408e+04  1.0108746e-02  1.6905179e-02  5.6258366e-03
  1.2137956e+01  1.3988957e+01  1.1782160e+01]
[ 4.2284952e+02 -3.6311039e-06  6.0467524e+03  3.3840875e+04
  2.4449741e+03  1.3615303e-04 -1.4761115e+03  3.1498363e-04
  1.2936615e+04  8.6766183e-03  1.6845074e-02  6.1844159e-03
  1.1901064e+01  1.4254609e+01  1.1874601e+01]
[-1.4196062e+02 -8.6881255e-06  5.5557168e+03  3.6954680e+04
  7.1473975e+02  1.3539128e-04 -6.6839661e+02  3.5091853e-04
  1.4890188e+04  7.2532184e-03  1.6363544e-02  6.3599292e-03
  1.1896605e+01  1.4150564e+01  1.2129018e+01]
[-1.0859069e+02 -8.5323836e-06  4.3562319e+03  3.5893156e+04
  1.6758954e+03  1.3053845e-04 -6.4543939e+02  3.2070058e-04
  1.2759697e+04  5.3407708e-03  1.6754782e-02  5.6671542e-03
  1.1926325e+01  1.4023378e+01  1.1872705e+01]
[ 3.0173007e+02 -3.5225485e-06  2.7281804e+03  3.3625523e+04
  1.3844938e+03  1.3824584e-04 -6.8902588e+02  3.5006966e-04
  1.0218480e+04  4.5784586e-03  1.6429188e-02  4.8891753e-03
  1.2131302e+01  1.4425547e+01  1.2972680e+01]
[-3.68011963e+02 -7.86244982e-06  2.18866602e+03  2.82936660e+04
  1.32933362e+03  1.51487679e-04 -2.05449890e+02  3.54146963e-04
  7.07503125e+03  2.80207256e-03  1.71153899e-02  3.06134974e-03
  1.19941435e+01  1.43589935e+01  1.33391876e+01]
[-8.9974817e+02 -1.7856259e-05  1.7635012e+03  2.7521076e+04
  1.1086576e+03  1.5493910e-04  9.2038611e+02  3.3459871e-04
  6.2467754e+03  1.6232427e-03  1.7430488e-02  2.6633868e-03
  1.2059258e+01  1.4054331e+01  1.2968548e+01]
[-8.9974817e+02 -1.7856259e-05  1.7635012e+03  2.7521076e+04
  1.1086576e+03  1.5493910e-04  9.2038611e+02  3.3459871e-04
  6.2467754e+03  1.6232427e-03  1.7430488e-02  2.6633868e-03
  1.2059258e+01  1.4054331e+01  1.2968548e+01]
[ 1.2711001e+02 -4.7019121e-06  9.9586279e+02  2.4871049e+04
  1.5762766e+03  1.4756077e-04 -2.6019498e+02  3.3830520e-04
  5.3393818e+03  2.5751954e-03  1.6736852e-02  2.4037585e-03
  1.1973628e+01  1.4189756e+01  1.3297102e+01]
[ 5.2149359e+02  1.3695349e-05 -1.6611604e+02  1.8633041e+04
  7.0297205e+02  1.3509172e-04 -9.9710760e+02  3.5370939e-04
  4.2436787e+03  1.4199382e-03  1.6123345e-02  1.6078023e-03
  1.2135325e+01  1.4102872e+01  1.3549013e+01]
[ 5.2149359e+02  1.3695349e-05 -1.6611604e+02  1.8633041e+04
  7.0297205e+02  1.3509172e-04 -9.9710760e+02  3.5370939e-04
  4.2436787e+03  1.4199382e-03  1.6123345e-02  1.6078023e-03
  1.2135325e+01  1.4102872e+01  1.3549013e+01]
[-1.24485687e+02  3.98909360e-05  1.59336212e+02  1.94492363e+04
  1.60022363e+03  1.05030434e-04 -2.50359082e+03  3.21277941e-04
  6.33513672e+03  2.53192219e-03  1.62384547e-02  1.35360553e-03
  1.16394358e+01  1.34827633e+01  1.28819542e+01]
[-9.7665009e+02  3.2169573e-05  3.1104480e+02  1.7532633e+04
  4.0216193e+02  1.2088603e-04 -2.2486985e+03  3.5016733e-04
  5.7232988e+03  7.1545388e-04  1.7017303e-02  1.1395856e-03
  1.2161701e+01  1.3968786e+01  1.3056275e+01]
[ 3.0749533e+02  1.7312646e-05  2.8307579e+01  1.7990014e+04
  7.8763531e+02  1.2681022e-04 -3.0513958e+03  3.3555282e-04
  4.9598032e+03  2.0687473e-03  1.5967702e-02  1.2562522e-03
  1.2007198e+01  1.3896881e+01  1.2993187e+01]
[-9.4015778e+02  1.9598618e-05  9.8506775e+01  1.3600252e+04
  6.7910364e+02  1.3854638e-04 -2.7565962e+03  3.3438162e-04
  3.3534819e+03  1.6979094e-03  1.6738806e-02 -2.1012637e-04
  1.2542077e+01  1.4186362e+01  1.3087086e+01]
[-9.4015778e+02  1.9598618e-05  9.8506775e+01  1.3600252e+04
  6.7910364e+02  1.3854638e-04 -2.7565962e+03  3.3438162e-04
  3.3534819e+03  1.6979094e-03  1.6738806e-02 -2.1012637e-04
  1.2542077e+01  1.4186362e+01  1.3087086e+01]
[-2.6956741e+02 -6.0726516e-06  3.3054367e+02  1.5827721e+04
  1.4412046e+03  1.5457431e-04 -4.9373721e+03  2.9619064e-04
  2.7027476e+03  5.5504283e-03  1.5274240e-02 -7.4963830e-04
  1.2497101e+01  1.4017585e+01  1.3062065e+01]
[ 4.2656978e+03 -2.3468121e-05 -2.5957309e+02  8.7145400e+03
  1.7375806e+03  1.6210906e-04 -5.6061055e+03  2.5442772e-04
 -1.1107586e+02  8.8583287e-03  1.2387668e-02 -8.6617144e-04
  1.2165707e+01  1.3629413e+01  1.3015027e+01]
[ 6.4079336e+03 -2.1470449e-05 -7.0152863e+02  5.9240083e+03
  2.1759517e+03  1.6012360e-04 -5.9402393e+03  2.5356386e-04
 -3.5106345e+02  9.9994279e-03  1.1194702e-02 -9.9036854e-04
  1.2401369e+01  1.3802413e+01  1.3042793e+01]
[ 7.0143081e+03 -3.7317026e-05  1.9472134e+02  5.3355322e+03
  1.3911619e+03  1.7741663e-04 -4.5276143e+03  2.4607644e-04
 -5.0612784e+02  1.1518917e-02  1.0700862e-02 -1.1723577e-03
  1.2956317e+01  1.4107661e+01  1.2876889e+01]
[ 8.6977539e+03 -3.4595261e-05 -8.2734778e+02  6.5014351e+03
  1.7683038e+03  1.6577642e-04 -4.7512070e+03  2.7101947e-04
  2.9075629e+02  1.0614424e-02  9.8691043e-03 -3.1215232e-04
  1.3131946e+01  1.4202802e+01  1.2994431e+01]
[ 1.1686860e+04 -3.6398880e-05 -6.5936359e+02  6.0709385e+03
  1.4633889e+03  1.6444831e-04 -4.2809556e+03  2.6764962e-04
  3.4022107e+02  1.3891339e-02  7.8370785e-03 -2.5058171e-04
  1.3118461e+01  1.4188179e+01  1.3246160e+01]
[ 1.6242016e+04 -2.3219553e-05 -1.5740922e+03  4.8027163e+03
  1.9705571e+03  1.5272474e-04 -3.1110317e+03  3.0515823e-04
  5.0698441e+02  1.2978795e-02  6.8146009e-03 -1.2131770e-04
  1.3388523e+01  1.4690651e+01  1.3459864e+01]
[ 1.9027141e+04 -1.1236565e-05 -1.6680851e+03  4.9029658e+03
  1.7309658e+03  1.3914118e-04 -2.5498242e+03  3.1786817e-04
  1.2532656e+03  1.5704447e-02  4.8317849e-03  1.9817810e-04
  1.3434049e+01  1.4729733e+01  1.3834978e+01]
