[ 4.4763863e+04  4.8136382e-05  2.2875454e+03 -4.3434784e+02
  2.8723811e+04  1.5847062e-04  1.0526083e+02  1.1212477e-04
  5.0272305e+03  2.5912305e-02  1.6296137e-02  7.7036739e-04
  1.1521090e+01  1.3201342e+01  1.4347491e+01]
[ 4.55547070e+04  3.40561601e-05  2.47395581e+03 -1.61066626e+03
  2.90336836e+04  1.69225124e-04 -7.00364746e+02  2.24195937e-05
  6.72431580e+02  2.63674092e-02  1.59017984e-02 -5.84073423e-05
  1.10291014e+01  1.26123295e+01  1.44272757e+01]
[3.3870320e+04 2.9099097e-05 2.6609834e+03 2.4428024e+02 2.9373605e+04
 1.6127208e-04 6.5563965e+01 3.8660706e-05 2.1531394e+03 2.4837017e-02
 1.6315915e-02 2.7632163e-04 1.0179376e+01 1.2051582e+01 1.4418683e+01]
[3.0304494e+04 2.3021901e-05 2.3356726e+03 2.8925714e+02 2.9455111e+04
 1.6264623e-04 8.8127771e+02 3.3998946e-05 2.4205786e+03 2.5010718e-02
 1.6238276e-02 9.1137072e-06 9.7126827e+00 1.1743760e+01 1.4484185e+01]
[ 2.4077764e+04  1.8939332e-05  1.1710896e+03 -5.2855499e+02
  2.9539518e+04  1.5559900e-04  2.5425073e+03 -1.2599532e-05
  6.2833868e+02  2.5890481e-02  1.5696254e-02 -7.2410790e-04
  8.3509293e+00  1.0954260e+01  1.4595315e+01]
[ 2.0866135e+04 -6.5316696e-04  7.7309131e+02  5.9786804e+02
  2.9095373e+04 -3.1224110e-03  3.8384600e+03 -2.9079150e-04
  2.4011946e+03  2.6010847e-02  1.5841853e-02 -6.3996162e-04
  7.5377760e+00  1.0511204e+01  1.4521148e+01]
[ 1.8722719e+04  8.1618136e-06  1.3889055e+03  4.1629279e+02
  2.8429023e+04  1.6051932e-04  1.0172539e+03 -4.4436245e-05
  2.2578917e+02  2.5864875e-02  1.5777998e-02 -9.1881678e-04
  8.4597921e+00  1.0480468e+01  1.4457905e+01]
[ 1.85194160e+04  1.02646527e-05  1.04728247e+03 -1.65995270e+02
  2.86085352e+04  1.56204420e-04  1.20462915e+03 -6.55244221e-05
 -6.37779297e+02  2.62177289e-02  1.56897660e-02 -1.01769762e-03
  8.15037441e+00  1.02455006e+01  1.44475975e+01]
[ 2.0106412e+04  5.1643592e-06  1.3877888e+03 -3.2694727e+02
  2.8344527e+04  1.5819952e-04  8.4547119e+02 -4.5294066e-05
  5.8079230e+02  2.5819875e-02  1.5764751e-02 -7.9196092e-04
  8.2250357e+00  1.0100628e+01  1.4420142e+01]
[ 1.8917811e+04  1.0830163e-06  1.7911300e+03 -1.3145259e+02
  2.7960244e+04  1.6194262e-04 -2.5872119e+02 -5.8443693e-05
  7.8846169e+00  2.5421014e-02  1.5757052e-02 -7.7288202e-04
  8.6621418e+00  1.0066479e+01  1.4382977e+01]
[ 1.7739201e+04 -1.9262061e-06  2.2784348e+03  5.9297302e+02
  2.7930852e+04  1.6337805e-04  5.2826056e+02 -8.9797413e-06
  2.5460173e+03  2.4918240e-02  1.5853044e-02 -3.1461829e-04
  8.3541174e+00  1.0252869e+01  1.4280401e+01]
[ 1.4499555e+04 -1.9171437e-05  1.8359695e+03  3.6665808e+02
  2.6956354e+04  1.6368835e-04 -1.5775248e+03 -2.1979113e-05
  2.5477473e+03  2.4747310e-02  1.5936473e-02  4.9858243e-04
  7.9196630e+00  9.4228973e+00  1.4261677e+01]
[ 1.2465427e+04 -1.9282479e-06  1.0632170e+03 -2.9490231e+02
  2.7770885e+04  1.3792500e-04 -1.9789965e+03  1.3844467e-05
  4.7813042e+03  2.4876870e-02  1.6088678e-02  1.8886522e-03
  8.0838938e+00  9.1303177e+00  1.4286060e+01]
[ 1.2542455e+04 -7.3153706e-06  7.0675073e+02  7.6270340e+01
  2.7949639e+04  1.3124698e-04 -2.7982837e+03  7.6687094e-05
  8.4680312e+03  2.5001731e-02  1.6352899e-02  3.3691505e-03
  7.8361492e+00  8.7961369e+00  1.4336872e+01]
[ 1.13514873e+04 -5.86843589e-06  3.11738678e+02 -4.11440369e+02
  2.80139043e+04  1.19954231e-04 -1.44874426e+03  1.55252230e-04
  1.26026875e+04  2.55054459e-02  1.62659083e-02  4.92029823e-03
  7.57035828e+00  8.70427513e+00  1.44206142e+01]
[ 1.1441644e+04 -3.0382838e-05  5.1091763e+02 -8.4936578e+02
  2.7833588e+04  1.4110414e-04 -5.1109851e+02  1.8965380e-04
  1.4270297e+04  2.5501443e-02  1.6282300e-02  5.1641194e-03
  6.8026595e+00  8.8158598e+00  1.4402553e+01]
[ 1.4953162e+04 -2.2469827e-05  5.4884015e+02 -6.3962061e+02
  2.8143688e+04  1.4171310e-04 -1.7414948e+01  1.8830359e-04
  1.3759140e+04  2.5419410e-02  1.6448999e-02  4.2999228e-03
  6.9109011e+00  9.0539904e+00  1.4461485e+01]
[ 1.6381551e+04 -2.2014759e-05  6.3258978e+02 -1.7856736e+03
  2.8340385e+04  1.4991313e-04  1.2957371e+03  1.2260320e-04
  9.4849238e+03  2.5716249e-02  1.6158178e-02  3.1056684e-03
  6.6561556e+00  9.2158842e+00  1.4568945e+01]
[ 1.5838439e+04 -2.0384630e-05  1.1353409e+03 -2.1166316e+03
  2.8258543e+04  1.5643905e-04  1.4609729e+02  1.8065126e-05
  3.7929692e+03  2.5994595e-02  1.5931580e-02  2.0511812e-03
  7.0870228e+00  9.2119713e+00  1.4584155e+01]
[ 1.8283697e+04 -1.4028356e-05  5.4093109e+02 -3.3945364e+03
  2.7942768e+04  1.5736377e-04  1.1497463e+03 -3.9937520e-05
  2.7605630e+02  2.6736449e-02  1.5626835e-02  9.7165321e-04
  7.0712757e+00  9.2775106e+00  1.4656422e+01]
[ 2.0453059e+04  1.0629610e-06  5.4495007e+02 -2.9743645e+03
  2.7986379e+04  1.4520716e-04  1.1411776e+03 -3.9981926e-05
  4.1567822e+02  2.6795512e-02  1.5618673e-02  7.2658749e-04
  7.5945020e+00  9.2208767e+00  1.4678506e+01]
[ 1.9684176e+04  6.2363424e-06  1.3468431e+02 -2.2136790e+03
  2.7820877e+04  1.4140920e-04  1.4703574e+03 -4.6133446e-05
  1.9213031e+02  2.6665030e-02  1.5539699e-02  3.9686746e-04
  7.4397297e+00  9.3187943e+00  1.4573688e+01]
[ 1.5900226e+04  7.6107326e-06  1.0161539e+03 -1.5257672e+03
  2.8437752e+04  1.4199986e-04  1.8791582e+03 -6.0966217e-05
 -1.1907568e+00  2.6116878e-02  1.5791243e-02  4.2001196e-04
  7.3827639e+00  9.3221645e+00  1.4387938e+01]
[ 1.5874261e+04  4.8858756e-06  1.6594276e+03  6.6724774e+02
  2.7558268e+04  1.4690205e-04  6.8819519e+02 -4.7187867e-05
  1.4755528e+02  2.5963115e-02  1.5784463e-02  5.6171796e-04
  7.2739182e+00  9.6715479e+00  1.4350918e+01]
[ 1.5691626e+04  4.5023762e-06  1.3314208e+03 -3.9197641e+02
  2.8011262e+04  1.4899886e-04  9.0772809e+02 -4.5713663e-05
  1.3713234e+02  2.6706019e-02  1.5711898e-02  4.1813191e-04
  7.1281548e+00  9.7974854e+00  1.4446591e+01]
[ 1.3759998e+04  2.1911943e-05  1.0001064e+02 -3.1400204e+02
  2.8285035e+04  1.3816147e-04  1.0970400e+03 -2.3422768e-05
  7.8762561e+02  2.7692825e-02  1.5697962e-02  5.9024146e-04
  7.3955441e+00  1.0426600e+01  1.4535396e+01]
[ 1.3043619e+04  3.2616692e-05  8.5636467e+01 -1.3997883e+03
  2.9232689e+04  1.3157159e-04  2.6226768e+03 -3.9946590e-05
  5.0336063e+01  2.8101964e-02  1.5573893e-02  4.7784238e-04
  7.6591520e+00  1.0449076e+01  1.4565294e+01]
[ 1.3870026e+04  2.5544261e-05 -1.9021013e+01 -1.6018933e+03
  2.8618549e+04  1.3747333e-04  2.6178000e+03 -3.4924993e-05
 -5.0883064e+01  2.8043199e-02  1.5591582e-02  4.8746134e-04
  7.4428539e+00  1.0471695e+01  1.4584839e+01]
[ 1.1904039e+04  4.3055188e-05 -3.4933673e+02 -2.4078848e+03
  2.9718707e+04  1.2356183e-04  4.6696797e+03 -4.2904987e-05
 -1.1539663e+02  2.8101308e-02  1.5472787e-02  4.8492054e-04
  7.9654083e+00  1.0503458e+01  1.4591251e+01]
[ 1.22774600e+04  4.75594716e-05 -1.14400681e+02 -1.81213171e+03
  2.86304004e+04  1.18812466e-04  4.82037451e+03 -2.21549471e-05
  4.61660339e+02  2.75762212e-02  1.54839726e-02  1.08833273e-03
  8.36808968e+00  1.06622486e+01  1.45758238e+01]
[ 1.3642214e+04  4.9530136e-05 -5.4054175e+02 -1.6993490e+03
  2.7577379e+04  1.1660498e-04  4.6822915e+03 -7.8874273e-06
  7.9466968e+02  2.7643394e-02  1.5418892e-02  1.2548232e-03
  8.5275030e+00  1.0785088e+01  1.4607969e+01]
[ 1.2622278e+04  6.5380795e-05 -9.0635474e+02  1.7695101e+03
  2.4035916e+04  9.9870609e-05  7.3940483e+03  8.3125917e-05
  3.8551023e+03  2.6222983e-02  1.5419718e-02  2.9318887e-03
  9.1519909e+00  1.1493433e+01  1.4643105e+01]
[ 1.0494715e+04  8.7290282e-05 -1.4733279e+03  1.7945682e+02
  2.4752629e+04  8.8377063e-05  5.9993521e+03  1.1838186e-04
  5.6898843e+03  2.7462656e-02  1.5483346e-02  3.2282884e-03
  1.0185023e+01  1.2301571e+01  1.4614606e+01]
[ 1.3040167e+04  7.1356546e-05 -1.2246591e+03 -1.7405667e+03
  2.6184322e+04  1.1233787e-04 -1.8353780e+02  6.7119130e-05
  3.5789714e+03  2.8692083e-02  1.5637975e-02  1.8736705e-03
  1.0354014e+01  1.2518286e+01  1.4459421e+01]
[ 1.42656357e+04  8.05275631e-05 -2.01237793e+03 -1.79296692e+03
  2.51593164e+04  1.06134146e-04 -1.94764905e+03  9.22181716e-05
  4.15662549e+03  2.90434621e-02  1.54727343e-02  2.03419337e-03
  1.06603775e+01  1.30422850e+01  1.43595200e+01]
[ 1.6002081e+04  7.3699528e-05 -1.9944093e+03  9.1210168e+02
  2.3567988e+04  1.0715451e-04 -1.6068429e+03  1.3185930e-04
  6.1690537e+03  2.8667876e-02  1.5433703e-02  2.3083803e-03
  1.0297375e+01  1.2916629e+01  1.4378583e+01]
[ 1.7878311e+04  5.8463647e-05 -1.5168436e+03  3.2217224e+03
  2.3609875e+04  1.1680994e-04 -5.5734821e+02  1.2032419e-04
  6.3174116e+03  2.7937854e-02  1.5692353e-02  2.0788417e-03
  9.6953907e+00  1.2341309e+01  1.4402311e+01]
[ 1.7504900e+04  5.5044115e-05 -1.3653407e+03  7.3721523e+03
  2.0645137e+04  9.5546413e-05  2.6428171e+03  1.2679593e-04
  6.6721416e+03  2.5261812e-02  1.4893065e-02  2.7344490e-03
  8.6086979e+00  1.1106173e+01  1.4283472e+01]
[ 1.4652653e+04  5.3961678e-05 -1.1307476e+03  7.6059492e+03
  2.0081781e+04  8.3412015e-05  5.0508071e+03  1.1631620e-04
  6.1161313e+03  2.4042431e-02  1.4508979e-02  3.2851044e-03
  8.1393251e+00  1.0370443e+01  1.4309395e+01]
[ 1.3668230e+04  2.9030227e-05 -2.6301260e+02  1.2254113e+04
  1.7129715e+04  8.4274048e-05  6.6841655e+03  1.0716587e-04
  5.8675103e+03  2.1795910e-02  1.3675577e-02  3.8187508e-03
  7.2059059e+00  9.1500854e+00  1.4200975e+01]
[ 1.11069229e+04 -3.00161155e-05 -1.55827774e+02  1.50033369e+04
  1.62488955e+04  1.33741778e-04  4.14715039e+03  8.12942089e-05
  5.90311914e+03  2.19485555e-02  1.35568315e-02  4.56826901e-03
  7.04388857e+00  8.95471191e+00  1.40413618e+01]
[ 8.54702148e+03 -5.99065206e-05  5.57975708e+02  1.64843535e+04
  1.49039795e+04  1.54813853e-04  1.10542017e+03  8.02719660e-05
  5.71771680e+03  2.10294761e-02  1.30251730e-02  4.73855622e-03
  7.15162563e+00  9.61268520e+00  1.33843699e+01]
[ 1.2050227e+04 -4.0301642e-05  7.4804237e+01  1.4244481e+04
  1.6170509e+04  1.4228729e-04  1.3926768e+02  8.5184707e-05
  5.1712817e+03  2.1170901e-02  1.3212133e-02  4.1720020e-03
  7.2573533e+00  9.7401266e+00  1.3612623e+01]
[ 1.6139759e+04 -3.4222510e-05  1.4175375e+03  1.3457586e+04
  1.7615295e+04  1.4663739e-04 -4.4363330e+03  1.0114303e-04
  5.5530151e+03  2.0444717e-02  1.4614540e-02  2.6560428e-03
  7.2137165e+00  1.0395292e+01  1.3290027e+01]
[ 1.7516602e+04 -4.6386729e-05  1.9184181e+03  1.4933919e+04
  1.7400449e+04  1.5734995e-04 -1.1946578e+03  1.0295821e-04
  5.2554536e+03  2.0533375e-02  1.3835699e-02  3.2892562e-03
  7.0821357e+00  1.0583626e+01  1.3359451e+01]
[ 1.19132734e+04 -4.37251074e-05  4.62267773e+03  2.16917637e+04
  1.37859082e+04  1.52894951e-04 -4.11720410e+03  1.92777195e-04
  8.37840625e+03  1.64824445e-02  1.50770359e-02  3.94230848e-03
  7.98155117e+00  1.13371105e+01  1.28034639e+01]
[ 7.8115957e+03 -5.9319482e-05  6.9979058e+03  2.5195672e+04
  1.2112734e+04  1.6905161e-04 -4.0918259e+03  2.2023887e-04
  9.4536982e+03  1.5282739e-02  1.5807435e-02  4.3794480e-03
  8.4473171e+00  1.1683752e+01  1.2555362e+01]
[ 2.7398030e+03 -5.4062901e-05  1.0073741e+04  2.7493746e+04
  9.5389658e+03  1.6486374e-04  3.4198833e+03  2.6401752e-04
  9.5184883e+03  1.4177090e-02  1.5117523e-02  6.0444097e-03
  8.9821768e+00  1.2101639e+01  1.2519019e+01]
[ 1.3685360e+03 -2.8866478e-05  1.0877736e+04  2.3541109e+04
  9.4375918e+03  1.4372385e-04  1.2987254e+04  2.5252340e-04
  8.1773276e+03  1.5228990e-02  1.4823022e-02  7.0886402e-03
  8.2065935e+00  1.1359613e+01  1.2997498e+01]
[1.6281921e+03 3.0448249e-05 9.1397812e+03 1.9330525e+04 8.5177529e+03
 9.0258553e-05 1.6630729e+04 2.3132577e-04 7.3364160e+03 1.5817637e-02
 1.3942081e-02 7.4453140e-03 7.0339470e+00 1.0592027e+01 1.3288047e+01]
[2.4762798e+02 5.9831484e-05 9.0664629e+03 1.6454965e+04 8.1667793e+03
 5.6724166e-05 2.4850016e+04 2.1826944e-04 7.8763276e+03 1.5272826e-02
 1.3418672e-02 8.3989212e-03 6.4288354e+00 9.7768459e+00 1.3244788e+01]
[1.19523994e+02 6.66320120e-05 8.78314746e+03 1.53038057e+04
 8.35695801e+03 4.71608801e-05 2.61504746e+04 2.00733077e-04
 7.90834619e+03 1.50999231e-02 1.32468017e-02 8.57060682e-03
 6.49072218e+00 9.62179375e+00 1.29693241e+01]
[1.4041989e+02 4.3824100e-05 9.2306348e+03 1.4676061e+04 8.5668877e+03
 6.2147403e-05 2.5721162e+04 1.8693623e-04 6.7369077e+03 1.5717078e-02
 1.2883236e-02 8.4752478e-03 6.7521291e+00 9.6296701e+00 1.2773769e+01]
[2.3112677e+02 5.3396809e-05 8.8882100e+03 1.5412776e+04 7.9578872e+03
 5.3023996e-05 2.7080551e+04 2.0963530e-04 8.1362378e+03 1.4285108e-02
 1.2783356e-02 8.8207843e-03 6.7214274e+00 9.8331165e+00 1.2733209e+01]
[1.7158861e+02 3.4757017e-05 9.1918105e+03 1.4794475e+04 8.0153311e+03
 6.7973357e-05 2.7293207e+04 2.0126990e-04 7.2302690e+03 1.4736482e-02
 1.2522110e-02 8.9429542e-03 7.1288548e+00 1.0042549e+01 1.2595697e+01]
[1.14130157e+02 2.89415184e-05 9.77091895e+03 1.39053428e+04
 8.52212207e+03 7.37720329e-05 2.87634375e+04 2.05723569e-04
 6.73697949e+03 1.47813810e-02 1.26421116e-02 9.18817427e-03
 7.08273983e+00 1.00800056e+01 1.26674795e+01]
[2.2166095e+02 2.4476460e-05 1.0151677e+04 1.2041686e+04 8.3350254e+03
 7.5991062e-05 3.0429818e+04 2.0402274e-04 6.5038193e+03 1.5093166e-02
 1.2414598e-02 9.5703984e-03 7.3584061e+00 1.0001591e+01 1.2574926e+01]
[3.2795520e+02 5.2829728e-05 1.0055470e+04 1.0573105e+04 7.6490713e+03
 5.3028616e-05 3.5957898e+04 2.2423858e-04 8.1939834e+03 1.4000676e-02
 1.2313072e-02 1.0279287e-02 7.3943167e+00 9.9689789e+00 1.2626274e+01]
[2.2688632e+02 7.2373936e-05 9.9167256e+03 7.8976382e+03 6.4877505e+03
 3.4809716e-05 4.1406914e+04 2.3401424e-04 8.6574707e+03 1.3596950e-02
 1.1848184e-02 1.0714188e-02 7.3712091e+00 9.6111870e+00 1.2774082e+01]
[-1.3298985e+02  6.9619622e-05  9.2506865e+03  1.0124058e+04
  5.3570337e+03  3.8892846e-05  3.6603727e+04  2.4231238e-04
  9.4959072e+03  1.3078553e-02  1.1811321e-02  1.0254312e-02
  7.6787162e+00  9.9964085e+00  1.2675649e+01]
[-5.7638239e+02  8.3683000e-05  8.6298145e+03  6.5581143e+03
  3.4096392e+03  2.9710389e-05  4.1863391e+04  2.5365182e-04
  9.5333672e+03  1.2542532e-02  1.1413417e-02  1.0547313e-02
  8.2675161e+00  9.9697094e+00  1.2802364e+01]
[-9.9450201e+02  5.9882284e-05  7.5461230e+03  9.3690635e+03
  2.1476440e+03  4.7472484e-05  3.8203535e+04  2.5817598e-04
  9.1419473e+03  1.1863105e-02  1.0899856e-02  9.9456087e-03
  8.8299770e+00  1.0348160e+01  1.2786196e+01]
[-1.1558885e+03  9.0787660e-05  6.1420869e+03  7.5084619e+03
  1.5175901e+03  2.6700265e-05  4.1558043e+04  2.7011856e-04
  9.8937393e+03  1.0329290e-02  1.0842192e-02  9.9090235e-03
  9.0414305e+00  1.0464565e+01  1.3004536e+01]
[-7.7101813e+02  1.2385278e-04  4.8493672e+03  6.0013955e+03
  1.5011099e+03  1.2193195e-06  4.4046230e+04  2.8194688e-04
  1.0645452e+04  8.7539367e-03  1.0642950e-02  9.9220984e-03
  8.9587326e+00  1.0363211e+01  1.3323832e+01]
[-7.6028003e+02  1.4767700e-04  3.7095906e+03  2.0473505e+03
  1.5292986e+03 -1.8892752e-05  5.1597398e+04  2.8359980e-04
  1.0276497e+04  7.1216971e-03  1.0383541e-02  1.0151756e-02
  8.9361010e+00  1.0140718e+01  1.3448121e+01]
[-5.37407104e+02  1.50156324e-04  2.90257056e+03  1.83100378e+03
  1.63381482e+03 -2.57368883e-05  5.38165742e+04  2.90133903e-04
  9.75634668e+03  5.70854126e-03  1.00358929e-02  1.00564575e-02
  8.78006363e+00  9.88830948e+00  1.36654606e+01]
[-4.3193274e+02  1.6276925e-04  2.0838943e+03 -1.4301569e+03
  1.4696969e+03 -3.8710365e-05  5.9826297e+04  2.9844439e-04
  9.2699854e+03  4.1918247e-03  9.7806593e-03  1.0045931e-02
  8.7367439e+00  9.6756077e+00  1.3738092e+01]
[-2.6343680e+02  1.8027441e-04  1.6628790e+03 -1.0087770e+01
  1.3055093e+03 -5.4969234e-05  6.0039082e+04  3.1631388e-04
  1.0979210e+04  2.8014411e-03  9.4494075e-03  1.0104445e-02
  8.4400692e+00  9.6511431e+00  1.3892030e+01]
[-2.0057547e+02  2.3484825e-04  5.9805817e+02 -4.3411562e+03
  1.2989424e+03 -9.5066738e-05  6.3104785e+04  3.3001191e-04
  1.2594376e+04  1.2860590e-03  9.6980743e-03  1.0049411e-02
  8.4849768e+00  9.3007545e+00  1.4213011e+01]
[-6.4632568e+01  2.6997420e-04  1.4836967e+02 -1.7642275e+03
  1.3130492e+03 -1.2327076e-04  5.7144707e+04  3.4801147e-04
  1.5146973e+04  2.1595316e-04  1.0207067e-02  9.8121772e-03
  7.9997845e+00  9.1107426e+00  1.4426948e+01]
[-7.2855812e+01  3.4867559e-04 -8.8111426e+02 -5.3814155e+03
  1.0976925e+03 -1.7354268e-04  4.9914969e+04  3.7196898e-04
  1.9008293e+04 -1.0303917e-03  1.1462471e-02  9.5060188e-03
  7.8942227e+00  9.0118084e+00  1.4769833e+01]
[-3.3662481e+00  3.8691040e-04 -8.5605188e+02 -6.9138862e+03
  8.0981763e+02 -1.9530812e-04  4.0657492e+04  3.7635822e-04
  2.0705088e+04 -6.5514416e-04  1.3352240e-02  9.2134792e-03
  8.0112104e+00  8.8839293e+00  1.4696367e+01]
[ 1.7120299e+02  3.7466272e-04 -1.0468660e+03 -4.1131313e+03
  8.0093378e+02 -1.7905424e-04  2.6940203e+04  3.7560205e-04
  2.0560076e+04  3.0590486e-06  1.5014008e-02  9.1815731e-03
  8.6780796e+00  9.1654882e+00  1.4694119e+01]
[ 4.6039139e+01  3.5998764e-04 -6.0281842e+02 -6.2056110e+02
  5.7131604e+02 -1.6448894e-04  1.7429600e+04  3.8771148e-04
  2.0559523e+04  3.5638997e-04  1.6179163e-02  9.3490509e-03
  8.6986694e+00  9.4084568e+00  1.4734679e+01]
[-1.8499069e+02  3.2928571e-04 -8.0136469e+02  4.3615459e+03
  4.2236871e+02 -1.4597873e-04  1.1365018e+04  3.8310519e-04
  1.9540186e+04  1.0136503e-03  1.6314887e-02  9.0723727e-03
  8.7096338e+00  9.3849850e+00  1.4729140e+01]
[-8.0346603e+01  3.1261155e-04 -7.1790546e+02  7.9439478e+03
  3.4964124e+02 -1.3982464e-04  1.0498715e+04  3.7613325e-04
  1.9355771e+04  1.5959215e-03  1.6019857e-02  9.0617556e-03
  8.6297684e+00  9.1798773e+00  1.4692172e+01]
[-1.76385284e+02  2.68956763e-04 -8.03329834e+02  1.20185869e+04
  4.12107910e+02 -1.14413946e-04  6.31808398e+03  3.49353853e-04
  1.71799199e+04  3.37132835e-03  1.57143474e-02  8.64976645e-03
  8.64215660e+00  8.91263390e+00  1.45447617e+01]
[-4.3041830e+02  2.0393782e-04 -8.2573950e+02  2.3035279e+04
  5.2386603e+02 -7.4746073e-05 -7.5496417e+02  3.6213410e-04
  1.6268939e+04  3.9439360e-03  1.6105460e-02  8.1718955e-03
  8.2609463e+00  8.9651165e+00  1.4410608e+01]
[-8.1831708e+02  1.3584331e-04 -1.1335657e+00  4.0550648e+04
 -3.4267271e+00 -3.8565275e-05 -3.4539722e+03  4.0093862e-04
  1.8106574e+04  5.3443387e-03  1.5925534e-02  8.5022086e-03
  7.0309987e+00  8.9208317e+00  1.4456326e+01]
[-1.0288992e+03  1.3587905e-04 -2.0397463e+01  4.5009238e+04
 -9.5080376e+01 -4.0718289e-05 -3.8639509e+03  4.2273523e-04
  1.9652730e+04  4.8868055e-03  1.5977995e-02  8.6925570e-03
  6.8659563e+00  9.0718346e+00  1.4559812e+01]
[-1.14288757e+03  1.18498836e-04  3.60519196e+02  5.28437266e+04
 -2.84100830e+02 -3.31221818e-05 -2.88539673e+03  4.47957835e-04
  2.13850293e+04  4.63930471e-03  1.56345870e-02  9.03085433e-03
  6.23512077e+00  9.27046967e+00  1.46201057e+01]
[-1.22857239e+03  1.12289024e-04  5.83301636e+02  5.31507461e+04
 -3.69805176e+02 -2.85403876e-05 -3.30706934e+03  4.47598723e-04
  2.12029531e+04  5.07871388e-03  1.55204497e-02  9.02553834e-03
  5.97531891e+00  9.22962570e+00  1.46373749e+01]
[-1.3455441e+03  1.0418161e-04  5.5248566e+02  5.5057309e+04
 -6.6197223e+02 -2.2318323e-05 -3.4529221e+03  4.5451100e-04
  2.0745225e+04  4.7356207e-03  1.5882405e-02  8.9023607e-03
  5.6276612e+00  9.3406200e+00  1.4590376e+01]
[-1.1854666e+03  9.6682736e-05  5.2727209e+02  5.2942449e+04
 -6.6044641e+02 -1.5687088e-05 -4.3975762e+03  4.4315835e-04
  1.9497707e+04  4.7742147e-03  1.5895488e-02  8.6330334e-03
  5.5668297e+00  9.2839861e+00  1.4510502e+01]
[-8.6753424e+02  8.7954642e-05  4.6063171e+02  5.1534535e+04
 -8.6178870e+02 -7.8880803e-06 -4.4524961e+03  4.4213224e-04
  1.8578090e+04  4.0433556e-03  1.5949916e-02  8.5375896e-03
  5.4553509e+00  9.3611832e+00  1.4478716e+01]
[-9.4186829e+02  9.0924194e-05  4.4091095e+02  5.2615188e+04
 -5.3669794e+02 -1.2191882e-05 -3.1534709e+03  4.3813698e-04
  1.9134025e+04  4.6073496e-03  1.5674882e-02  8.8352775e-03
  5.8327489e+00  9.3073692e+00  1.4559104e+01]
[-9.4186829e+02  9.0924194e-05  4.4091095e+02  5.2615188e+04
 -5.3669794e+02 -1.2191882e-05 -3.1534709e+03  4.3813698e-04
  1.9134025e+04  4.6073496e-03  1.5674882e-02  8.8352775e-03
  5.8327489e+00  9.3073692e+00  1.4559104e+01]
[-1.2275409e+03  8.3585473e-05  2.4009967e+02  5.3172867e+04
 -1.7728845e+02  4.2016836e-07 -2.9474011e+03  4.3613988e-04
  1.8911736e+04  4.8063220e-03  1.5850596e-02  8.9437328e-03
  7.0211544e+00  9.7299900e+00  1.4755212e+01]
[-1.6592014e+03  6.8783454e-05  8.3552258e+02  5.2254977e+04
 -6.4412982e+02  2.3501925e-05 -4.2531064e+03  4.3274250e-04
  1.9020727e+04  6.1152023e-03  1.5771713e-02  8.7818010e-03
  7.9859672e+00  1.0131050e+01  1.4933049e+01]
[-1.30150269e+03  3.83404185e-05  1.00727875e+03  4.68672969e+04
 -1.46537186e+02  6.87525899e-05 -8.29056445e+03  3.66094260e-04
  1.48372832e+04  7.70641491e-03  1.62375588e-02  6.84359903e-03
  9.82448006e+00  1.04597225e+01  1.50304699e+01]
[-1.30053809e+03 -1.07575852e-06  3.26773950e+03  4.49316875e+04
 -1.01393793e+03  1.12193964e-04 -6.28161426e+03  3.60349746e-04
  1.56492598e+04  1.05232839e-02  1.48816276e-02  6.50483184e-03
  1.09992476e+01  1.07565575e+01  1.51500664e+01]
[-1.7487329e+03 -1.0849792e-04  7.9529639e+03  4.1268805e+04
 -3.0187332e+03  2.1355343e-04 -6.2086416e+03  2.9738355e-04
  1.1684155e+04  1.6628144e-02  1.3789367e-02  4.3571182e-03
  1.2362393e+01  1.0443870e+01  1.5081112e+01]
[-1.7487329e+03 -1.0849792e-04  7.9529639e+03  4.1268805e+04
 -3.0187332e+03  2.1355343e-04 -6.2086416e+03  2.9738355e-04
  1.1684155e+04  1.6628144e-02  1.3789367e-02  4.3571182e-03
  1.2362393e+01  1.0443870e+01  1.5081112e+01]
[-2.2546865e+03 -1.6159378e-04  1.0507315e+04  4.1274062e+04
 -3.8814104e+03  2.5010252e-04 -5.1778379e+03  2.9534166e-04
  1.1470330e+04  1.9598901e-02  1.2849239e-02  4.4231908e-03
  1.2760783e+01  1.0025787e+01  1.4944856e+01]
[-2.8541006e+03 -1.8667511e-04  1.2458197e+04  4.2941656e+04
 -4.8374937e+03  2.6876241e-04 -5.2262720e+03  3.2268537e-04
  1.3205267e+04  2.1383597e-02  1.2455205e-02  4.5575434e-03
  1.2520277e+01  9.7715721e+00  1.4998338e+01]
[-3.2771621e+03 -2.1030118e-04  1.4986711e+04  4.1792547e+04
 -5.9217236e+03  2.9262473e-04 -4.0654468e+03  3.5185445e-04
  1.4543417e+04  2.3092635e-02  1.2484617e-02  4.9410849e-03
  1.2402920e+01  9.7089558e+00  1.5028552e+01]
[-3.4400930e+03 -2.4879127e-04  1.9845223e+04  3.9776801e+04
 -7.0068115e+03  3.3864760e-04 -1.4582740e+03  4.1707818e-04
  1.7426076e+04  2.5143303e-02  1.3363265e-02  5.4127360e-03
  1.1734475e+01  9.7314434e+00  1.5053968e+01]
[-3.57167285e+03 -2.48169119e-04  2.05352754e+04  3.87797969e+04
 -7.77246777e+03  3.46573535e-04  1.17551414e+02  4.18412907e-04
  1.81079434e+04  2.53571626e-02  1.36952652e-02  5.38916700e-03
  1.21893053e+01  1.01423378e+01  1.48281708e+01]
[-3.57167285e+03 -2.48169119e-04  2.05352754e+04  3.87797969e+04
 -7.77246777e+03  3.46573535e-04  1.17551414e+02  4.18412907e-04
  1.81079434e+04  2.53571626e-02  1.36952652e-02  5.38916700e-03
  1.21893053e+01  1.01423378e+01  1.48281708e+01]
[-3.9938191e+03 -2.1807299e-04  2.0924223e+04  3.8707871e+04
 -7.6585420e+03  3.3065130e-04 -6.7426447e+02  4.4277014e-04
  1.9459340e+04  2.5244186e-02  1.4315399e-02  5.6827711e-03
  1.1061509e+01  1.0246854e+01  1.5091577e+01]
[-4.5572188e+03 -2.0846989e-04  2.2237193e+04  3.7086621e+04
 -7.6956577e+03  3.3342850e-04  1.6220007e+03  4.3793776e-04
  1.9851967e+04  2.6714718e-02  1.4824606e-02  6.3347947e-03
  1.1327201e+01  1.0802688e+01  1.4846193e+01]
[-4.2655034e+03 -1.8266615e-04  2.4611539e+04  3.4353383e+04
 -5.6344028e+03  3.2749900e-04  4.8725947e+03  4.8304020e-04
  2.2663521e+04  2.6565297e-02  1.6419498e-02  7.8130662e-03
  1.0482822e+01  1.1461128e+01  1.4587344e+01]
[-3.4912800e+03 -1.5481212e-04  2.1467488e+04  3.1250639e+04
 -6.2532471e+03  2.9337333e-04  8.9901328e+03  4.2556899e-04
  2.2987777e+04  2.4354920e-02  1.6150258e-02  8.0685820e-03
  1.2248895e+01  1.2879456e+01  1.2106358e+01]
[-3.9360583e+03 -6.8461959e-05  1.7116664e+04  3.1502350e+04
 -8.2937959e+03  2.3153255e-04  9.5344766e+03  3.7095655e-04
  2.4838609e+04  2.3168484e-02  1.6698046e-02  7.9650637e-03
  1.3775423e+01  1.4645167e+01  1.0503958e+01]
[-3.9360583e+03 -6.8461959e-05  1.7116664e+04  3.1502350e+04
 -8.2937959e+03  2.3153255e-04  9.5344766e+03  3.7095655e-04
  2.4838609e+04  2.3168484e-02  1.6698046e-02  7.9650637e-03
  1.3775423e+01  1.4645167e+01  1.0503958e+01]
[-1.9366736e+03 -6.5008222e-05  1.3573299e+04  2.9768820e+04
 -8.1258354e+03  2.1081924e-04  1.0082872e+04  3.0131370e-04
  2.2109959e+04  1.9248068e-02  1.5385700e-02  6.6264910e-03
  1.4629756e+01  1.4397726e+01  9.8650827e+00]
[-1.2374208e+03 -1.4844125e-04  1.2737454e+04  3.1356656e+04
 -6.6276377e+03  2.5488576e-04  5.8254312e+03  2.3262197e-04
  1.6101945e+04  1.9662805e-02  1.4331618e-02  5.5189929e-03
  1.5522306e+01  1.4060326e+01  9.2692127e+00]
[-1.8104081e+03 -1.1399846e-04  1.3063755e+04  2.9474576e+04
 -6.7967690e+03  2.3764704e-04  6.8558916e+03  2.5036879e-04
  1.7888457e+04  2.0003211e-02  1.5169272e-02  6.0699526e-03
  1.5215894e+01  1.4574969e+01  8.9866400e+00]
[-8.4553534e+02 -1.8217912e-04  1.3758911e+04  1.7288543e+04
 -7.1956646e+03  3.0590856e-04  5.7567778e+03  8.8401612e-05
  4.2351377e+03  2.3006782e-02  1.4186557e-02  2.5499917e-03
  1.4841350e+01  1.3293806e+01  9.8061028e+00]
[-1.7747305e+03 -1.6518193e-04  1.3621939e+04  2.6709211e+04
 -6.4227773e+03  2.7534194e-04  4.8307471e+03  2.0390103e-04
  1.1796781e+04  2.2482585e-02  1.4725424e-02  5.5530439e-03
  1.5027829e+01  1.3675699e+01  9.7701635e+00]
[-1.7747305e+03 -1.6518193e-04  1.3621939e+04  2.6709211e+04
 -6.4227773e+03  2.7534194e-04  4.8307471e+03  2.0390103e-04
  1.1796781e+04  2.2482585e-02  1.4725424e-02  5.5530439e-03
  1.5027829e+01  1.3675699e+01  9.7701635e+00]
[-2.0177833e+03 -1.8312639e-04  1.2688560e+04  3.2957148e+04
 -6.8214746e+03  2.7497706e-04  2.4530786e+03  2.6063091e-04
  1.3824223e+04  2.1323841e-02  1.3829539e-02  5.5861459e-03
  1.4947769e+01  1.2757619e+01  1.0884073e+01]
[-2.0221259e+03 -1.7119758e-04  1.1556265e+04  3.1941904e+04
 -5.6792778e+03  2.5543766e-04  1.7791473e+03  2.4249620e-04
  1.2900471e+04  2.1708572e-02  1.3121195e-02  5.5236481e-03
  1.5020300e+01  1.2262703e+01  1.0950447e+01]
[-3.2589448e+03 -1.0843604e-04  1.2522784e+04  3.0696486e+04
 -7.2768560e+03  2.2259800e-04  3.8385400e+03  3.0566994e-04
  1.8415848e+04  2.1760235e-02  1.4061118e-02  6.4736707e-03
  1.4555921e+01  1.3490338e+01  1.0334428e+01]
[-3.2589448e+03 -1.0843604e-04  1.2522784e+04  3.0696486e+04
 -7.2768560e+03  2.2259800e-04  3.8385400e+03  3.0566994e-04
  1.8415848e+04  2.1760235e-02  1.4061118e-02  6.4736707e-03
  1.4555921e+01  1.3490338e+01  1.0334428e+01]
[-2.53979126e+03 -1.11634865e-04  1.00780576e+04  2.92111113e+04
 -5.33447412e+03  2.09786464e-04  1.97475494e+02  2.45644624e-04
  1.25071846e+04  2.16371547e-02  1.28867263e-02  5.88769838e-03
  1.41636848e+01  1.26378040e+01  1.10305843e+01]
[-1.67997583e+03 -1.06338011e-04  9.40231836e+03  3.57996758e+04
 -3.76614355e+03  2.06844561e-04 -2.00919910e+03  2.75003928e-04
  1.45093662e+04  1.98853817e-02  1.39365457e-02  6.26276340e-03
  1.40963612e+01  1.34067135e+01  1.08858671e+01]
[-9.3478333e+02 -1.5366024e-04  9.0550410e+03  3.5488891e+04
 -3.0951462e+03  2.4519765e-04 -1.1858365e+03  2.3105444e-04
  1.0594751e+04  1.7977878e-02  1.3880738e-02  4.4641392e-03
  1.4410772e+01  1.2760978e+01  1.1373944e+01]
[-2.1661911e+02 -1.7392017e-04  9.4364287e+03  3.0332857e+04
 -2.3431001e+03  2.6537495e-04 -2.0628745e+03  1.7568318e-04
  6.0239771e+03  1.8546565e-02  1.3418500e-02  3.4383051e-03
  1.4474388e+01  1.2600918e+01  1.1479545e+01]
[-2.1661911e+02 -1.7392017e-04  9.4364287e+03  3.0332857e+04
 -2.3431001e+03  2.6537495e-04 -2.0628745e+03  1.7568318e-04
  6.0239771e+03  1.8546565e-02  1.3418500e-02  3.4383051e-03
  1.4474388e+01  1.2600918e+01  1.1479545e+01]
[ 9.0989944e+01 -7.6120712e-05  6.7393711e+03  2.4544854e+04
 -1.8650413e+03  2.0366145e-04 -1.0017646e+03  1.8357727e-04
  4.5600693e+03  1.9527009e-02  1.3179786e-02  3.1834978e-03
  1.3507980e+01  1.3367566e+01  1.2136535e+01]
[-1.3969822e+03 -7.4407813e-05  6.0338711e+03  2.3353354e+04
 -1.0900853e+03  2.2873853e-04  7.4310535e+02  2.0006203e-04
  6.1312744e+02  1.5712006e-02  1.5222626e-02  2.2021311e-03
  1.2866806e+01  1.3224215e+01  1.4048922e+01]
[ 1.8650600e+02 -6.1894789e-05  4.5201436e+03  2.8560979e+04
  3.8989093e+02  1.9353585e-04 -1.1945769e+03  2.7336241e-04
  4.4250356e+03  9.5547205e-03  1.6119087e-02  4.4143521e-03
  1.2770196e+01  1.2974135e+01  1.3913594e+01]
[ 1.4891974e+02 -2.6287962e-05  3.1525864e+03  3.3761648e+04
 -1.5303084e+02  1.5184024e-04 -1.0086752e+03  3.1526896e-04
  1.1355691e+04  5.9062177e-03  1.6814390e-02  5.4282863e-03
  1.3458702e+01  1.3654464e+01  1.2657315e+01]
[ 6.25127319e+02 -1.16936544e-05  2.27387109e+03  2.54141641e+04
  1.13169751e+03  1.44107325e-04 -5.26658752e+02  3.27434187e-04
  7.56307080e+03  3.06032994e-03  1.76123232e-02  4.56184661e-03
  1.32480030e+01  1.37174635e+01  1.26688938e+01]
[ 6.25127319e+02 -1.16936544e-05  2.27387109e+03  2.54141641e+04
  1.13169751e+03  1.44107325e-04 -5.26658752e+02  3.27434187e-04
  7.56307080e+03  3.06032994e-03  1.76123232e-02  4.56184661e-03
  1.32480030e+01  1.37174635e+01  1.26688938e+01]
[ 6.8587360e+02 -3.9844213e-05  1.1498647e+03  2.6906678e+04
  9.5629431e+02  1.6486496e-04 -1.4614583e+03  3.2636683e-04
  6.0723413e+03  2.9563450e-03  1.7475013e-02  3.9287801e-03
  1.3579682e+01  1.4066548e+01  1.2577149e+01]
[ 1.9051723e+02 -5.9020673e-05  1.8773378e+03  2.4785057e+04
  4.6871408e+02  1.9864057e-04 -1.0909252e+03  3.4672330e-04
  2.5537668e+03  1.3159645e-03  1.8104916e-02  2.7200272e-03
  1.3005539e+01  1.3851618e+01  1.4053279e+01]
[-2.02805130e+02 -4.98457921e-05  2.74328638e+03  2.49913848e+04
 -4.64017944e+02  1.90365332e-04 -5.90123108e+02  3.16405698e-04
  3.04247021e+03  1.51239568e-03  1.78237930e-02  1.68396719e-03
  1.28670092e+01  1.30429945e+01  1.40310879e+01]
[-3.8154587e+02 -2.5996665e-05  1.8638738e+03  2.4766830e+04
 -6.5259125e+02  1.7682163e-04 -2.0857214e+03  3.3945611e-04
  3.5439626e+03  5.1496411e-04  1.7618546e-02  5.8042066e-04
  1.2861746e+01  1.3436829e+01  1.4285556e+01]
[-4.64687439e+02  4.13473663e-06  1.79156677e+03  2.56345898e+04
 -1.07598181e+03  1.57933013e-04 -3.06158423e+03  3.60399863e-04
  5.45809521e+03 -4.59920528e-04  1.82149317e-02  8.04823707e-04
  1.26599216e+01  1.33935928e+01  1.46524315e+01]
[-1.2076666e+03 -3.6243386e-05  4.9277480e+03  1.6519129e+04
 -3.1703213e+03  1.9925385e-04 -6.5908618e+03  2.8296039e-04
  1.4685308e+03  9.6582901e-03  1.4601673e-02 -1.2376395e-03
  1.2390959e+01  1.2710355e+01  1.4872858e+01]
[-1.2076666e+03 -3.6243386e-05  4.9277480e+03  1.6519129e+04
 -3.1703213e+03  1.9925385e-04 -6.5908618e+03  2.8296039e-04
  1.4685308e+03  9.6582901e-03  1.4601673e-02 -1.2376395e-03
  1.2390959e+01  1.2710355e+01  1.4872858e+01]
[-1.3617045e+03 -2.5415549e-05  6.1347881e+03  1.9861133e+04
 -4.4640605e+03  1.7989785e-04 -8.3208340e+03  2.6711947e-04
  4.1317202e+03  1.4283791e-02  1.2681581e-02 -2.3718977e-04
  1.1789348e+01  1.2092028e+01  1.4911149e+01]
[-7.8029700e+02  4.1975512e-05  3.4625679e+03  1.7248326e+04
 -2.1652363e+03  1.1091157e-04 -4.3945967e+03  3.0628624e-04
  7.5260645e+03  8.8403309e-03  1.4105786e-02  1.4331887e-03
  1.1377913e+01  1.2762302e+01  1.3507167e+01]
[-3.95104797e+02  5.73528487e-05  2.38477271e+03  1.57292559e+04
 -1.49881628e+03  1.02259655e-04 -2.91124731e+03  3.10148054e-04
  7.06269336e+03  7.73339486e-03  1.45526724e-02  1.43816357e-03
  1.14824562e+01  1.31189651e+01  1.34445295e+01]
[-3.95104797e+02  5.73528487e-05  2.38477271e+03  1.57292559e+04
 -1.49881628e+03  1.02259655e-04 -2.91124731e+03  3.10148054e-04
  7.06269336e+03  7.73339486e-03  1.45526724e-02  1.43816357e-03
  1.14824562e+01  1.31189651e+01  1.34445295e+01]
[ 1.7455739e+03  2.0582676e-05  2.0892490e+03  1.5122283e+04
 -8.0432013e+02  1.2447260e-04 -2.9204155e+03  2.9180598e-04
  5.9619214e+03  9.2609758e-03  1.3212421e-02  1.0311909e-03
  1.2179009e+01  1.3843531e+01  1.2490018e+01]
[ 1.6047355e+03 -2.4322566e-05  1.1861791e+03  1.5445784e+04
 -7.0816443e+02  1.5627843e-04 -2.8579199e+03  2.8499163e-04
  3.8564468e+03  7.4156979e-03  1.3185242e-02  8.8976230e-04
  1.2765896e+01  1.3952216e+01  1.2397251e+01]
[ 5.1504419e+03 -5.6855755e-05  1.1507777e+03  1.3120623e+04
 -4.7097125e+02  1.7878137e-04 -3.0422236e+03  2.5416640e-04
  1.6915236e+03  9.9651320e-03  1.1492238e-02  1.0064293e-03
  1.3109962e+01  1.3813179e+01  1.2410787e+01]
[ 7.0001748e+03 -4.0426137e-05  2.5893732e+01  8.1755366e+03
  2.7271896e+02  1.7213816e-04 -2.1621052e+03  2.7796018e-04
  9.0853912e+02  8.0276327e-03  1.1709791e-02  5.4093933e-04
  1.3384960e+01  1.4439375e+01  1.2348223e+01]
[ 1.1190737e+04 -6.7675457e-05  4.8543155e+02  8.7219248e+03
  4.0980701e+02  1.9260644e-04 -2.3047849e+03  2.7389568e-04
  8.6672333e+01  1.3736834e-02  8.4258216e-03  2.3048439e-04
  1.3834933e+01  1.4386457e+01  1.3254606e+01]
[ 1.14784355e+04 -6.32106312e-05 -1.07209450e+02  1.20817344e+04
  4.04709198e+02  1.80184114e-04 -3.67322729e+03  2.79216794e-04
  1.51197412e+03  1.42893139e-02  8.08444805e-03  1.02795032e-03
  1.38533983e+01  1.44299440e+01  1.30803995e+01]
[ 1.5572499e+04 -4.0406463e-05 -1.3356755e+02  7.3800854e+03
  3.9907202e+02  1.6278400e-04 -4.1531118e+03  2.8261097e-04
  1.3443397e+03  1.8342501e-02  5.1364559e-03  3.4731260e-04
  1.3591496e+01  1.4413831e+01  1.3582024e+01]
[ 1.9068574e+04 -4.0973893e-05 -2.8311923e+02  7.9219277e+03
  5.8546161e+02  1.5668049e-04 -4.2607129e+03  2.8025196e-04
  1.5708209e+03  1.9302443e-02  4.2119403e-03  5.8452971e-04
  1.3673131e+01  1.4240799e+01  1.3546890e+01]
[ 2.4806158e+04 -1.7367121e-05 -1.0503538e+03  8.3936035e+03
  1.0951406e+03  1.3698524e-04 -4.2499131e+03  2.9127003e-04
  2.1771465e+03  2.2836968e-02  2.3846263e-03  5.6814123e-04
  1.3675841e+01  1.4588808e+01  1.3859369e+01]
