[ 4.4763863e+04  4.8136382e-05  2.2875454e+03 -4.3434784e+02
  2.8723811e+04  1.5847062e-04  1.0526083e+02  1.1212477e-04
  5.0272305e+03  2.5912305e-02  1.6296137e-02  7.7036739e-04
  1.1521090e+01  1.3201342e+01  1.4347491e+01]
[ 4.55547070e+04  3.40561601e-05  2.47395581e+03 -1.61066626e+03
  2.90336836e+04  1.69225124e-04 -7.00364746e+02  2.24195937e-05
  6.72431580e+02  2.63674092e-02  1.59017984e-02 -5.84073423e-05
  1.10291014e+01  1.26123295e+01  1.44272757e+01]
[3.3870320e+04 2.9099097e-05 2.6609834e+03 2.4428024e+02 2.9373605e+04
 1.6127208e-04 6.5563965e+01 3.8660706e-05 2.1531394e+03 2.4837017e-02
 1.6315915e-02 2.7632163e-04 1.0179376e+01 1.2051582e+01 1.4418683e+01]
[3.0304494e+04 2.3021901e-05 2.3356726e+03 2.8925714e+02 2.9455111e+04
 1.6264623e-04 8.8127771e+02 3.3998946e-05 2.4205786e+03 2.5010718e-02
 1.6238276e-02 9.1137072e-06 9.7126827e+00 1.1743760e+01 1.4484185e+01]
[ 2.4077764e+04  1.8939332e-05  1.1710896e+03 -5.2855499e+02
  2.9539518e+04  1.5559900e-04  2.5425073e+03 -1.2599532e-05
  6.2833868e+02  2.5890481e-02  1.5696254e-02 -7.2410790e-04
  8.3509293e+00  1.0954260e+01  1.4595315e+01]
[ 2.0866135e+04 -6.5316696e-04  7.7309131e+02  5.9786804e+02
  2.9095373e+04 -3.1224110e-03  3.8384600e+03 -2.9079150e-04
  2.4011946e+03  2.6010847e-02  1.5841853e-02 -6.3996162e-04
  7.5377760e+00  1.0511204e+01  1.4521148e+01]
[ 1.8722719e+04  8.1618136e-06  1.3889055e+03  4.1629279e+02
  2.8429023e+04  1.6051932e-04  1.0172539e+03 -4.4436245e-05
  2.2578917e+02  2.5864875e-02  1.5777998e-02 -9.1881678e-04
  8.4597921e+00  1.0480468e+01  1.4457905e+01]
[ 1.85194160e+04  1.02646527e-05  1.04728247e+03 -1.65995270e+02
  2.86085352e+04  1.56204420e-04  1.20462915e+03 -6.55244221e-05
 -6.37779297e+02  2.62177289e-02  1.56897660e-02 -1.01769762e-03
  8.15037441e+00  1.02455006e+01  1.44475975e+01]
[ 2.0106412e+04  5.1643592e-06  1.3877888e+03 -3.2694727e+02
  2.8344527e+04  1.5819952e-04  8.4547119e+02 -4.5294066e-05
  5.8079230e+02  2.5819875e-02  1.5764751e-02 -7.9196092e-04
  8.2250357e+00  1.0100628e+01  1.4420142e+01]
[ 1.8917811e+04  1.0830163e-06  1.7911300e+03 -1.3145259e+02
  2.7960244e+04  1.6194262e-04 -2.5872119e+02 -5.8443693e-05
  7.8846169e+00  2.5421014e-02  1.5757052e-02 -7.7288202e-04
  8.6621418e+00  1.0066479e+01  1.4382977e+01]
[ 1.7739201e+04 -1.9262061e-06  2.2784348e+03  5.9297302e+02
  2.7930852e+04  1.6337805e-04  5.2826056e+02 -8.9797413e-06
  2.5460173e+03  2.4918240e-02  1.5853044e-02 -3.1461829e-04
  8.3541174e+00  1.0252869e+01  1.4280401e+01]
[ 1.4499555e+04 -1.9171437e-05  1.8359695e+03  3.6665808e+02
  2.6956354e+04  1.6368835e-04 -1.5775248e+03 -2.1979113e-05
  2.5477473e+03  2.4747310e-02  1.5936473e-02  4.9858243e-04
  7.9196630e+00  9.4228973e+00  1.4261677e+01]
[ 1.2465427e+04 -1.9282479e-06  1.0632170e+03 -2.9490231e+02
  2.7770885e+04  1.3792500e-04 -1.9789965e+03  1.3844467e-05
  4.7813042e+03  2.4876870e-02  1.6088678e-02  1.8886522e-03
  8.0838938e+00  9.1303177e+00  1.4286060e+01]
[ 1.2542455e+04 -7.3153706e-06  7.0675073e+02  7.6270340e+01
  2.7949639e+04  1.3124698e-04 -2.7982837e+03  7.6687094e-05
  8.4680312e+03  2.5001731e-02  1.6352899e-02  3.3691505e-03
  7.8361492e+00  8.7961369e+00  1.4336872e+01]
[ 1.13514873e+04 -5.86843589e-06  3.11738678e+02 -4.11440369e+02
  2.80139043e+04  1.19954231e-04 -1.44874426e+03  1.55252230e-04
  1.26026875e+04  2.55054459e-02  1.62659083e-02  4.92029823e-03
  7.57035828e+00  8.70427513e+00  1.44206142e+01]
[ 1.1441644e+04 -3.0382838e-05  5.1091763e+02 -8.4936578e+02
  2.7833588e+04  1.4110414e-04 -5.1109851e+02  1.8965380e-04
  1.4270297e+04  2.5501443e-02  1.6282300e-02  5.1641194e-03
  6.8026595e+00  8.8158598e+00  1.4402553e+01]
[ 1.4953162e+04 -2.2469827e-05  5.4884015e+02 -6.3962061e+02
  2.8143688e+04  1.4171310e-04 -1.7414948e+01  1.8830359e-04
  1.3759140e+04  2.5419410e-02  1.6448999e-02  4.2999228e-03
  6.9109011e+00  9.0539904e+00  1.4461485e+01]
[ 1.6381551e+04 -2.2014759e-05  6.3258978e+02 -1.7856736e+03
  2.8340385e+04  1.4991313e-04  1.2957371e+03  1.2260320e-04
  9.4849238e+03  2.5716249e-02  1.6158178e-02  3.1056684e-03
  6.6561556e+00  9.2158842e+00  1.4568945e+01]
[ 1.5838439e+04 -2.0384630e-05  1.1353409e+03 -2.1166316e+03
  2.8258543e+04  1.5643905e-04  1.4609729e+02  1.8065126e-05
  3.7929692e+03  2.5994595e-02  1.5931580e-02  2.0511812e-03
  7.0870228e+00  9.2119713e+00  1.4584155e+01]
[ 1.8283697e+04 -1.4028356e-05  5.4093109e+02 -3.3945364e+03
  2.7942768e+04  1.5736377e-04  1.1497463e+03 -3.9937520e-05
  2.7605630e+02  2.6736449e-02  1.5626835e-02  9.7165321e-04
  7.0712757e+00  9.2775106e+00  1.4656422e+01]
[ 2.0453059e+04  1.0629610e-06  5.4495007e+02 -2.9743645e+03
  2.7986379e+04  1.4520716e-04  1.1411776e+03 -3.9981926e-05
  4.1567822e+02  2.6795512e-02  1.5618673e-02  7.2658749e-04
  7.5945020e+00  9.2208767e+00  1.4678506e+01]
[ 1.9684176e+04  6.2363424e-06  1.3468431e+02 -2.2136790e+03
  2.7820877e+04  1.4140920e-04  1.4703574e+03 -4.6133446e-05
  1.9213031e+02  2.6665030e-02  1.5539699e-02  3.9686746e-04
  7.4397297e+00  9.3187943e+00  1.4573688e+01]
[ 1.5900226e+04  7.6107326e-06  1.0161539e+03 -1.5257672e+03
  2.8437752e+04  1.4199986e-04  1.8791582e+03 -6.0966217e-05
 -1.1907568e+00  2.6116878e-02  1.5791243e-02  4.2001196e-04
  7.3827639e+00  9.3221645e+00  1.4387938e+01]
[ 1.5874261e+04  4.8858756e-06  1.6594276e+03  6.6724774e+02
  2.7558268e+04  1.4690205e-04  6.8819519e+02 -4.7187867e-05
  1.4755528e+02  2.5963115e-02  1.5784463e-02  5.6171796e-04
  7.2739182e+00  9.6715479e+00  1.4350918e+01]
[ 1.5691626e+04  4.5023762e-06  1.3314208e+03 -3.9197641e+02
  2.8011262e+04  1.4899886e-04  9.0772809e+02 -4.5713663e-05
  1.3713234e+02  2.6706019e-02  1.5711898e-02  4.1813191e-04
  7.1281548e+00  9.7974854e+00  1.4446591e+01]
[ 1.3759998e+04  2.1911943e-05  1.0001064e+02 -3.1400204e+02
  2.8285035e+04  1.3816147e-04  1.0970400e+03 -2.3422768e-05
  7.8762561e+02  2.7692825e-02  1.5697962e-02  5.9024146e-04
  7.3955441e+00  1.0426600e+01  1.4535396e+01]
[ 1.3043619e+04  3.2616692e-05  8.5636467e+01 -1.3997883e+03
  2.9232689e+04  1.3157159e-04  2.6226768e+03 -3.9946590e-05
  5.0336063e+01  2.8101964e-02  1.5573893e-02  4.7784238e-04
  7.6591520e+00  1.0449076e+01  1.4565294e+01]
[ 1.3870026e+04  2.5544261e-05 -1.9021013e+01 -1.6018933e+03
  2.8618549e+04  1.3747333e-04  2.6178000e+03 -3.4924993e-05
 -5.0883064e+01  2.8043199e-02  1.5591582e-02  4.8746134e-04
  7.4428539e+00  1.0471695e+01  1.4584839e+01]
[ 1.1904039e+04  4.3055188e-05 -3.4933673e+02 -2.4078848e+03
  2.9718707e+04  1.2356183e-04  4.6696797e+03 -4.2904987e-05
 -1.1539663e+02  2.8101308e-02  1.5472787e-02  4.8492054e-04
  7.9654083e+00  1.0503458e+01  1.4591251e+01]
[ 1.22774600e+04  4.75594716e-05 -1.14400681e+02 -1.81213171e+03
  2.86304004e+04  1.18812466e-04  4.82037451e+03 -2.21549471e-05
  4.61660339e+02  2.75762212e-02  1.54839726e-02  1.08833273e-03
  8.36808968e+00  1.06622486e+01  1.45758238e+01]
[ 1.3642214e+04  4.9530136e-05 -5.4054175e+02 -1.6993490e+03
  2.7577379e+04  1.1660498e-04  4.6822915e+03 -7.8874273e-06
  7.9466968e+02  2.7643394e-02  1.5418892e-02  1.2548232e-03
  8.5275030e+00  1.0785088e+01  1.4607969e+01]
[ 1.2622278e+04  6.5380795e-05 -9.0635474e+02  1.7695101e+03
  2.4035916e+04  9.9870609e-05  7.3940483e+03  8.3125917e-05
  3.8551023e+03  2.6222983e-02  1.5419718e-02  2.9318887e-03
  9.1519909e+00  1.1493433e+01  1.4643105e+01]
[ 1.0494715e+04  8.7290282e-05 -1.4733279e+03  1.7945682e+02
  2.4752629e+04  8.8377063e-05  5.9993521e+03  1.1838186e-04
  5.6898843e+03  2.7462656e-02  1.5483346e-02  3.2282884e-03
  1.0185023e+01  1.2301571e+01  1.4614606e+01]
[ 1.3040167e+04  7.1356546e-05 -1.2246591e+03 -1.7405667e+03
  2.6184322e+04  1.1233787e-04 -1.8353780e+02  6.7119130e-05
  3.5789714e+03  2.8692083e-02  1.5637975e-02  1.8736705e-03
  1.0354014e+01  1.2518286e+01  1.4459421e+01]
[ 1.42656357e+04  8.05275631e-05 -2.01237793e+03 -1.79296692e+03
  2.51593164e+04  1.06134146e-04 -1.94764905e+03  9.22181716e-05
  4.15662549e+03  2.90434621e-02  1.54727343e-02  2.03419337e-03
  1.06603775e+01  1.30422850e+01  1.43595200e+01]
[ 1.6002081e+04  7.3699528e-05 -1.9944093e+03  9.1210168e+02
  2.3567988e+04  1.0715451e-04 -1.6068429e+03  1.3185930e-04
  6.1690537e+03  2.8667876e-02  1.5433703e-02  2.3083803e-03
  1.0297375e+01  1.2916629e+01  1.4378583e+01]
[ 1.7878311e+04  5.8463647e-05 -1.5168436e+03  3.2217224e+03
  2.3609875e+04  1.1680994e-04 -5.5734821e+02  1.2032419e-04
  6.3174116e+03  2.7937854e-02  1.5692353e-02  2.0788417e-03
  9.6953907e+00  1.2341309e+01  1.4402311e+01]
[ 1.7504900e+04  5.5044115e-05 -1.3653407e+03  7.3721523e+03
  2.0645137e+04  9.5546413e-05  2.6428171e+03  1.2679593e-04
  6.6721416e+03  2.5261812e-02  1.4893065e-02  2.7344490e-03
  8.6086979e+00  1.1106173e+01  1.4283472e+01]
[ 1.4652653e+04  5.3961678e-05 -1.1307476e+03  7.6059492e+03
  2.0081781e+04  8.3412015e-05  5.0508071e+03  1.1631620e-04
  6.1161313e+03  2.4042431e-02  1.4508979e-02  3.2851044e-03
  8.1393251e+00  1.0370443e+01  1.4309395e+01]
[ 1.3668230e+04  2.9030227e-05 -2.6301260e+02  1.2254113e+04
  1.7129715e+04  8.4274048e-05  6.6841655e+03  1.0716587e-04
  5.8675103e+03  2.1795910e-02  1.3675577e-02  3.8187508e-03
  7.2059059e+00  9.1500854e+00  1.4200975e+01]
[ 1.11069229e+04 -3.00161155e-05 -1.55827774e+02  1.50033369e+04
  1.62488955e+04  1.33741778e-04  4.14715039e+03  8.12942089e-05
  5.90311914e+03  2.19485555e-02  1.35568315e-02  4.56826901e-03
  7.04388857e+00  8.95471191e+00  1.40413618e+01]
[ 8.54702148e+03 -5.99065206e-05  5.57975708e+02  1.64843535e+04
  1.49039795e+04  1.54813853e-04  1.10542017e+03  8.02719660e-05
  5.71771680e+03  2.10294761e-02  1.30251730e-02  4.73855622e-03
  7.15162563e+00  9.61268520e+00  1.33843699e+01]
[ 1.2050227e+04 -4.0301642e-05  7.4804237e+01  1.4244481e+04
  1.6170509e+04  1.4228729e-04  1.3926768e+02  8.5184707e-05
  5.1712817e+03  2.1170901e-02  1.3212133e-02  4.1720020e-03
  7.2573533e+00  9.7401266e+00  1.3612623e+01]
[ 1.6139759e+04 -3.4222510e-05  1.4175375e+03  1.3457586e+04
  1.7615295e+04  1.4663739e-04 -4.4363330e+03  1.0114303e-04
  5.5530151e+03  2.0444717e-02  1.4614540e-02  2.6560428e-03
  7.2137165e+00  1.0395292e+01  1.3290027e+01]
[ 1.7516602e+04 -4.6386729e-05  1.9184181e+03  1.4933919e+04
  1.7400449e+04  1.5734995e-04 -1.1946578e+03  1.0295821e-04
  5.2554536e+03  2.0533375e-02  1.3835699e-02  3.2892562e-03
  7.0821357e+00  1.0583626e+01  1.3359451e+01]
[ 1.19132734e+04 -4.37251074e-05  4.62267773e+03  2.16917637e+04
  1.37859082e+04  1.52894951e-04 -4.11720410e+03  1.92777195e-04
  8.37840625e+03  1.64824445e-02  1.50770359e-02  3.94230848e-03
  7.98155117e+00  1.13371105e+01  1.28034639e+01]
[ 7.8115957e+03 -5.9319482e-05  6.9979058e+03  2.5195672e+04
  1.2112734e+04  1.6905161e-04 -4.0918259e+03  2.2023887e-04
  9.4536982e+03  1.5282739e-02  1.5807435e-02  4.3794480e-03
  8.4473171e+00  1.1683752e+01  1.2555362e+01]
[ 2.7398030e+03 -5.4062901e-05  1.0073741e+04  2.7493746e+04
  9.5389658e+03  1.6486374e-04  3.4198833e+03  2.6401752e-04
  9.5184883e+03  1.4177090e-02  1.5117523e-02  6.0444097e-03
  8.9821768e+00  1.2101639e+01  1.2519019e+01]
[ 1.3685360e+03 -2.8866478e-05  1.0877736e+04  2.3541109e+04
  9.4375918e+03  1.4372385e-04  1.2987254e+04  2.5252340e-04
  8.1773276e+03  1.5228990e-02  1.4823022e-02  7.0886402e-03
  8.2065935e+00  1.1359613e+01  1.2997498e+01]
[1.6281921e+03 3.0448249e-05 9.1397812e+03 1.9330525e+04 8.5177529e+03
 9.0258553e-05 1.6630729e+04 2.3132577e-04 7.3364160e+03 1.5817637e-02
 1.3942081e-02 7.4453140e-03 7.0339470e+00 1.0592027e+01 1.3288047e+01]
[2.4762798e+02 5.9831484e-05 9.0664629e+03 1.6454965e+04 8.1667793e+03
 5.6724166e-05 2.4850016e+04 2.1826944e-04 7.8763276e+03 1.5272826e-02
 1.3418672e-02 8.3989212e-03 6.4288354e+00 9.7768459e+00 1.3244788e+01]
[1.19523994e+02 6.66320120e-05 8.78314746e+03 1.53038057e+04
 8.35695801e+03 4.71608801e-05 2.61504746e+04 2.00733077e-04
 7.90834619e+03 1.50999231e-02 1.32468017e-02 8.57060682e-03
 6.49072218e+00 9.62179375e+00 1.29693241e+01]
[1.4041989e+02 4.3824100e-05 9.2306348e+03 1.4676061e+04 8.5668877e+03
 6.2147403e-05 2.5721162e+04 1.8693623e-04 6.7369077e+03 1.5717078e-02
 1.2883236e-02 8.4752478e-03 6.7521291e+00 9.6296701e+00 1.2773769e+01]
[2.3112677e+02 5.3396809e-05 8.8882100e+03 1.5412776e+04 7.9578872e+03
 5.3023996e-05 2.7080551e+04 2.0963530e-04 8.1362378e+03 1.4285108e-02
 1.2783356e-02 8.8207843e-03 6.7214274e+00 9.8331165e+00 1.2733209e+01]
[1.7158861e+02 3.4757017e-05 9.1918105e+03 1.4794475e+04 8.0153311e+03
 6.7973357e-05 2.7293207e+04 2.0126990e-04 7.2302690e+03 1.4736482e-02
 1.2522110e-02 8.9429542e-03 7.1288548e+00 1.0042549e+01 1.2595697e+01]
[1.14130157e+02 2.89415184e-05 9.77091895e+03 1.39053428e+04
 8.52212207e+03 7.37720329e-05 2.87634375e+04 2.05723569e-04
 6.73697949e+03 1.47813810e-02 1.26421116e-02 9.18817427e-03
 7.08273983e+00 1.00800056e+01 1.26674795e+01]
[2.2166095e+02 2.4476460e-05 1.0151677e+04 1.2041686e+04 8.3350254e+03
 7.5991062e-05 3.0429818e+04 2.0402274e-04 6.5038193e+03 1.5093166e-02
 1.2414598e-02 9.5703984e-03 7.3584061e+00 1.0001591e+01 1.2574926e+01]
[3.2795520e+02 5.2829728e-05 1.0055470e+04 1.0573105e+04 7.6490713e+03
 5.3028616e-05 3.5957898e+04 2.2423858e-04 8.1939834e+03 1.4000676e-02
 1.2313072e-02 1.0279287e-02 7.3943167e+00 9.9689789e+00 1.2626274e+01]
[2.2688632e+02 7.2373936e-05 9.9167256e+03 7.8976382e+03 6.4877505e+03
 3.4809716e-05 4.1406914e+04 2.3401424e-04 8.6574707e+03 1.3596950e-02
 1.1848184e-02 1.0714188e-02 7.3712091e+00 9.6111870e+00 1.2774082e+01]
[-1.3298985e+02  6.9619622e-05  9.2506865e+03  1.0124058e+04
  5.3570337e+03  3.8892846e-05  3.6603727e+04  2.4231238e-04
  9.4959072e+03  1.3078553e-02  1.1811321e-02  1.0254312e-02
  7.6787162e+00  9.9964085e+00  1.2675649e+01]
[-5.7638239e+02  8.3683000e-05  8.6298145e+03  6.5581143e+03
  3.4096392e+03  2.9710389e-05  4.1863391e+04  2.5365182e-04
  9.5333672e+03  1.2542532e-02  1.1413417e-02  1.0547313e-02
  8.2675161e+00  9.9697094e+00  1.2802364e+01]
[-9.9450201e+02  5.9882284e-05  7.5461230e+03  9.3690635e+03
  2.1476440e+03  4.7472484e-05  3.8203535e+04  2.5817598e-04
  9.1419473e+03  1.1863105e-02  1.0899856e-02  9.9456087e-03
  8.8299770e+00  1.0348160e+01  1.2786196e+01]
[-1.1558885e+03  9.0787660e-05  6.1420869e+03  7.5084619e+03
  1.5175901e+03  2.6700265e-05  4.1558043e+04  2.7011856e-04
  9.8937393e+03  1.0329290e-02  1.0842192e-02  9.9090235e-03
  9.0414305e+00  1.0464565e+01  1.3004536e+01]
[-7.7101813e+02  1.2385278e-04  4.8493672e+03  6.0013955e+03
  1.5011099e+03  1.2193195e-06  4.4046230e+04  2.8194688e-04
  1.0645452e+04  8.7539367e-03  1.0642950e-02  9.9220984e-03
  8.9587326e+00  1.0363211e+01  1.3323832e+01]
[-7.6028003e+02  1.4767700e-04  3.7095906e+03  2.0473505e+03
  1.5292986e+03 -1.8892752e-05  5.1597398e+04  2.8359980e-04
  1.0276497e+04  7.1216971e-03  1.0383541e-02  1.0151756e-02
  8.9361010e+00  1.0140718e+01  1.3448121e+01]
[-5.37407104e+02  1.50156324e-04  2.90257056e+03  1.83100378e+03
  1.63381482e+03 -2.57368883e-05  5.38165742e+04  2.90133903e-04
  9.75634668e+03  5.70854126e-03  1.00358929e-02  1.00564575e-02
  8.78006363e+00  9.88830948e+00  1.36654606e+01]
[-4.3193274e+02  1.6276925e-04  2.0838943e+03 -1.4301569e+03
  1.4696969e+03 -3.8710365e-05  5.9826297e+04  2.9844439e-04
  9.2699854e+03  4.1918247e-03  9.7806593e-03  1.0045931e-02
  8.7367439e+00  9.6756077e+00  1.3738092e+01]
[-2.6343680e+02  1.8027441e-04  1.6628790e+03 -1.0087770e+01
  1.3055093e+03 -5.4969234e-05  6.0039082e+04  3.1631388e-04
  1.0979210e+04  2.8014411e-03  9.4494075e-03  1.0104445e-02
  8.4400692e+00  9.6511431e+00  1.3892030e+01]
[-2.0057547e+02  2.3484825e-04  5.9805817e+02 -4.3411562e+03
  1.2989424e+03 -9.5066738e-05  6.3104785e+04  3.3001191e-04
  1.2594376e+04  1.2860590e-03  9.6980743e-03  1.0049411e-02
  8.4849768e+00  9.3007545e+00  1.4213011e+01]
[-6.4632568e+01  2.6997420e-04  1.4836967e+02 -1.7642275e+03
  1.3130492e+03 -1.2327076e-04  5.7144707e+04  3.4801147e-04
  1.5146973e+04  2.1595316e-04  1.0207067e-02  9.8121772e-03
  7.9997845e+00  9.1107426e+00  1.4426948e+01]
[-7.2855812e+01  3.4867559e-04 -8.8111426e+02 -5.3814155e+03
  1.0976925e+03 -1.7354268e-04  4.9914969e+04  3.7196898e-04
  1.9008293e+04 -1.0303917e-03  1.1462471e-02  9.5060188e-03
  7.8942227e+00  9.0118084e+00  1.4769833e+01]
[-3.3662481e+00  3.8691040e-04 -8.5605188e+02 -6.9138862e+03
  8.0981763e+02 -1.9530812e-04  4.0657492e+04  3.7635822e-04
  2.0705088e+04 -6.5514416e-04  1.3352240e-02  9.2134792e-03
  8.0112104e+00  8.8839293e+00  1.4696367e+01]
[ 1.7120299e+02  3.7466272e-04 -1.0468660e+03 -4.1131313e+03
  8.0093378e+02 -1.7905424e-04  2.6940203e+04  3.7560205e-04
  2.0560076e+04  3.0590486e-06  1.5014008e-02  9.1815731e-03
  8.6780796e+00  9.1654882e+00  1.4694119e+01]
[ 4.6039139e+01  3.5998764e-04 -6.0281842e+02 -6.2056110e+02
  5.7131604e+02 -1.6448894e-04  1.7429600e+04  3.8771148e-04
  2.0559523e+04  3.5638997e-04  1.6179163e-02  9.3490509e-03
  8.6986694e+00  9.4084568e+00  1.4734679e+01]
[-1.8499069e+02  3.2928571e-04 -8.0136469e+02  4.3615459e+03
  4.2236871e+02 -1.4597873e-04  1.1365018e+04  3.8310519e-04
  1.9540186e+04  1.0136503e-03  1.6314887e-02  9.0723727e-03
  8.7096338e+00  9.3849850e+00  1.4729140e+01]
[-8.0346603e+01  3.1261155e-04 -7.1790546e+02  7.9439478e+03
  3.4964124e+02 -1.3982464e-04  1.0498715e+04  3.7613325e-04
  1.9355771e+04  1.5959215e-03  1.6019857e-02  9.0617556e-03
  8.6297684e+00  9.1798773e+00  1.4692172e+01]
[-1.76385284e+02  2.68956763e-04 -8.03329834e+02  1.20185869e+04
  4.12107910e+02 -1.14413946e-04  6.31808398e+03  3.49353853e-04
  1.71799199e+04  3.37132835e-03  1.57143474e-02  8.64976645e-03
  8.64215660e+00  8.91263390e+00  1.45447617e+01]
[-4.3041830e+02  2.0393782e-04 -8.2573950e+02  2.3035279e+04
  5.2386603e+02 -7.4746073e-05 -7.5496417e+02  3.6213410e-04
  1.6268939e+04  3.9439360e-03  1.6105460e-02  8.1718955e-03
  8.2609463e+00  8.9651165e+00  1.4410608e+01]
[-8.1831708e+02  1.3584331e-04 -1.1335657e+00  4.0550648e+04
 -3.4267271e+00 -3.8565275e-05 -3.4539722e+03  4.0093862e-04
  1.8106574e+04  5.3443387e-03  1.5925534e-02  8.5022086e-03
  7.0309987e+00  8.9208317e+00  1.4456326e+01]
[-1.0288992e+03  1.3587905e-04 -2.0397463e+01  4.5009238e+04
 -9.5080376e+01 -4.0718289e-05 -3.8639509e+03  4.2273523e-04
  1.9652730e+04  4.8868055e-03  1.5977995e-02  8.6925570e-03
  6.8659563e+00  9.0718346e+00  1.4559812e+01]
[-1.14288757e+03  1.18498836e-04  3.60519196e+02  5.28437266e+04
 -2.84100830e+02 -3.31221818e-05 -2.88539673e+03  4.47957835e-04
  2.13850293e+04  4.63930471e-03  1.56345870e-02  9.03085433e-03
  6.23512077e+00  9.27046967e+00  1.46201057e+01]
[-1.22857239e+03  1.12289024e-04  5.83301636e+02  5.31507461e+04
 -3.69805176e+02 -2.85403876e-05 -3.30706934e+03  4.47598723e-04
  2.12029531e+04  5.07871388e-03  1.55204497e-02  9.02553834e-03
  5.97531891e+00  9.22962570e+00  1.46373749e+01]
[-1.3455441e+03  1.0418161e-04  5.5248566e+02  5.5057309e+04
 -6.6197223e+02 -2.2318323e-05 -3.4529221e+03  4.5451100e-04
  2.0745225e+04  4.7356207e-03  1.5882405e-02  8.9023607e-03
  5.6276612e+00  9.3406200e+00  1.4590376e+01]
[-1.1854666e+03  9.6682736e-05  5.2727209e+02  5.2942449e+04
 -6.6044641e+02 -1.5687088e-05 -4.3975762e+03  4.4315835e-04
  1.9497707e+04  4.7742147e-03  1.5895488e-02  8.6330334e-03
  5.5668297e+00  9.2839861e+00  1.4510502e+01]
[-8.6753424e+02  8.7954642e-05  4.6063171e+02  5.1534535e+04
 -8.6178870e+02 -7.8880803e-06 -4.4524961e+03  4.4213224e-04
  1.8578090e+04  4.0433556e-03  1.5949916e-02  8.5375896e-03
  5.4553509e+00  9.3611832e+00  1.4478716e+01]
[-9.4186829e+02  9.0924194e-05  4.4091095e+02  5.2615188e+04
 -5.3669794e+02 -1.2191882e-05 -3.1534709e+03  4.3813698e-04
  1.9134025e+04  4.6073496e-03  1.5674882e-02  8.8352775e-03
  5.8327489e+00  9.3073692e+00  1.4559104e+01]
[-9.4186829e+02  9.0924194e-05  4.4091095e+02  5.2615188e+04
 -5.3669794e+02 -1.2191882e-05 -3.1534709e+03  4.3813698e-04
  1.9134025e+04  4.6073496e-03  1.5674882e-02  8.8352775e-03
  5.8327489e+00  9.3073692e+00  1.4559104e+01]
[-1.2275409e+03  8.3585473e-05  2.4009967e+02  5.3172867e+04
 -1.7728845e+02  4.2016836e-07 -2.9474011e+03  4.3613988e-04
  1.8911736e+04  4.8063220e-03  1.5850596e-02  8.9437328e-03
  7.0211544e+00  9.7299900e+00  1.4755212e+01]
[-1.6592014e+03  6.8783454e-05  8.3552258e+02  5.2254977e+04
 -6.4412982e+02  2.3501925e-05 -4.2531064e+03  4.3274250e-04
  1.9020727e+04  6.1152023e-03  1.5771713e-02  8.7818010e-03
  7.9859672e+00  1.0131050e+01  1.4933049e+01]
[-1.30150269e+03  3.83404185e-05  1.00727875e+03  4.68672969e+04
 -1.46537186e+02  6.87525899e-05 -8.29056445e+03  3.66094260e-04
  1.48372832e+04  7.70641491e-03  1.62375588e-02  6.84359903e-03
  9.82448006e+00  1.04597225e+01  1.50304699e+01]
[-1.30053809e+03 -1.07575852e-06  3.26773950e+03  4.49316875e+04
 -1.01393793e+03  1.12193964e-04 -6.28161426e+03  3.60349746e-04
  1.56492598e+04  1.05232839e-02  1.48816276e-02  6.50483184e-03
  1.09992476e+01  1.07565575e+01  1.51500664e+01]
[-1.7487329e+03 -1.0849792e-04  7.9529639e+03  4.1268805e+04
 -3.0187332e+03  2.1355343e-04 -6.2086416e+03  2.9738355e-04
  1.1684155e+04  1.6628144e-02  1.3789367e-02  4.3571182e-03
  1.2362393e+01  1.0443870e+01  1.5081112e+01]
[-1.7487329e+03 -1.0849792e-04  7.9529639e+03  4.1268805e+04
 -3.0187332e+03  2.1355343e-04 -6.2086416e+03  2.9738355e-04
  1.1684155e+04  1.6628144e-02  1.3789367e-02  4.3571182e-03
  1.2362393e+01  1.0443870e+01  1.5081112e+01]
[-2.2546865e+03 -1.6159378e-04  1.0507315e+04  4.1274062e+04
 -3.8814104e+03  2.5010252e-04 -5.1778379e+03  2.9534166e-04
  1.1470330e+04  1.9598901e-02  1.2849239e-02  4.4231908e-03
  1.2760783e+01  1.0025787e+01  1.4944856e+01]
[-2.8541006e+03 -1.8667511e-04  1.2458197e+04  4.2941656e+04
 -4.8374937e+03  2.6876241e-04 -5.2262720e+03  3.2268537e-04
  1.3205267e+04  2.1383597e-02  1.2455205e-02  4.5575434e-03
  1.2520277e+01  9.7715721e+00  1.4998338e+01]
[-3.2771621e+03 -2.1030118e-04  1.4986711e+04  4.1792547e+04
 -5.9217236e+03  2.9262473e-04 -4.0654468e+03  3.5185445e-04
  1.4543417e+04  2.3092635e-02  1.2484617e-02  4.9410849e-03
  1.2402920e+01  9.7089558e+00  1.5028552e+01]
[-3.4400930e+03 -2.4879127e-04  1.9845223e+04  3.9776801e+04
 -7.0068115e+03  3.3864760e-04 -1.4582740e+03  4.1707818e-04
  1.7426076e+04  2.5143303e-02  1.3363265e-02  5.4127360e-03
  1.1734475e+01  9.7314434e+00  1.5053968e+01]
[-3.57167285e+03 -2.48169119e-04  2.05352754e+04  3.87797969e+04
 -7.77246777e+03  3.46573535e-04  1.17551414e+02  4.18412907e-04
  1.81079434e+04  2.53571626e-02  1.36952652e-02  5.38916700e-03
  1.21893053e+01  1.01423378e+01  1.48281708e+01]
[-3.57167285e+03 -2.48169119e-04  2.05352754e+04  3.87797969e+04
 -7.77246777e+03  3.46573535e-04  1.17551414e+02  4.18412907e-04
  1.81079434e+04  2.53571626e-02  1.36952652e-02  5.38916700e-03
  1.21893053e+01  1.01423378e+01  1.48281708e+01]
[-3.9938191e+03 -2.1807299e-04  2.0924223e+04  3.8707871e+04
 -7.6585420e+03  3.3065130e-04 -6.7426447e+02  4.4277014e-04
  1.9459340e+04  2.5244186e-02  1.4315399e-02  5.6827711e-03
  1.1061509e+01  1.0246854e+01  1.5091577e+01]
[-4.5572188e+03 -2.0846989e-04  2.2237193e+04  3.7086621e+04
 -7.6956577e+03  3.3342850e-04  1.6220007e+03  4.3793776e-04
  1.9851967e+04  2.6714718e-02  1.4824606e-02  6.3347947e-03
  1.1327201e+01  1.0802688e+01  1.4846193e+01]
[-4.2655034e+03 -1.8266615e-04  2.4611539e+04  3.4353383e+04
 -5.6344028e+03  3.2749900e-04  4.8725947e+03  4.8304020e-04
  2.2663521e+04  2.6565297e-02  1.6419498e-02  7.8130662e-03
  1.0482822e+01  1.1461128e+01  1.4587344e+01]
[-3.4912800e+03 -1.5481212e-04  2.1467488e+04  3.1250639e+04
 -6.2532471e+03  2.9337333e-04  8.9901328e+03  4.2556899e-04
  2.2987777e+04  2.4354920e-02  1.6150258e-02  8.0685820e-03
  1.2248895e+01  1.2879456e+01  1.2106358e+01]
[-3.9360583e+03 -6.8461959e-05  1.7116664e+04  3.1502350e+04
 -8.2937959e+03  2.3153255e-04  9.5344766e+03  3.7095655e-04
  2.4838609e+04  2.3168484e-02  1.6698046e-02  7.9650637e-03
  1.3775423e+01  1.4645167e+01  1.0503958e+01]
[-3.9360583e+03 -6.8461959e-05  1.7116664e+04  3.1502350e+04
 -8.2937959e+03  2.3153255e-04  9.5344766e+03  3.7095655e-04
  2.4838609e+04  2.3168484e-02  1.6698046e-02  7.9650637e-03
  1.3775423e+01  1.4645167e+01  1.0503958e+01]
[-1.9366736e+03 -6.5008222e-05  1.3573299e+04  2.9768820e+04
 -8.1258354e+03  2.1081924e-04  1.0082872e+04  3.0131370e-04
  2.2109959e+04  1.9248068e-02  1.5385700e-02  6.6264910e-03
  1.4629756e+01  1.4397726e+01  9.8650827e+00]
[-1.2374208e+03 -1.4844125e-04  1.2737454e+04  3.1356656e+04
 -6.6276377e+03  2.5488576e-04  5.8254312e+03  2.3262197e-04
  1.6101945e+04  1.9662805e-02  1.4331618e-02  5.5189929e-03
  1.5522306e+01  1.4060326e+01  9.2692127e+00]
[-1.8104081e+03 -1.1399846e-04  1.3063755e+04  2.9474576e+04
 -6.7967690e+03  2.3764704e-04  6.8558916e+03  2.5036879e-04
  1.7888457e+04  2.0003211e-02  1.5169272e-02  6.0699526e-03
  1.5215894e+01  1.4574969e+01  8.9866400e+00]
[-8.4553534e+02 -1.8217912e-04  1.3758911e+04  1.7288543e+04
 -7.1956646e+03  3.0590856e-04  5.7567778e+03  8.8401612e-05
  4.2351377e+03  2.3006782e-02  1.4186557e-02  2.5499917e-03
  1.4841350e+01  1.3293806e+01  9.8061028e+00]
[-1.7747305e+03 -1.6518193e-04  1.3621939e+04  2.6709211e+04
 -6.4227773e+03  2.7534194e-04  4.8307471e+03  2.0390103e-04
  1.1796781e+04  2.2482585e-02  1.4725424e-02  5.5530439e-03
  1.5027829e+01  1.3675699e+01  9.7701635e+00]
[-1.7747305e+03 -1.6518193e-04  1.3621939e+04  2.6709211e+04
 -6.4227773e+03  2.7534194e-04  4.8307471e+03  2.0390103e-04
  1.1796781e+04  2.2482585e-02  1.4725424e-02  5.5530439e-03
  1.5027829e+01  1.3675699e+01  9.7701635e+00]
[-2.0177833e+03 -1.8312639e-04  1.2688560e+04  3.2957148e+04
 -6.8214746e+03  2.7497706e-04  2.4530786e+03  2.6063091e-04
  1.3824223e+04  2.1323841e-02  1.3829539e-02  5.5861459e-03
  1.4947769e+01  1.2757619e+01  1.0884073e+01]
[-2.0221259e+03 -1.7119758e-04  1.1556265e+04  3.1941904e+04
 -5.6792778e+03  2.5543766e-04  1.7791473e+03  2.4249620e-04
  1.2900471e+04  2.1708572e-02  1.3121195e-02  5.5236481e-03
  1.5020300e+01  1.2262703e+01  1.0950447e+01]
[-3.2589448e+03 -1.0843604e-04  1.2522784e+04  3.0696486e+04
 -7.2768560e+03  2.2259800e-04  3.8385400e+03  3.0566994e-04
  1.8415848e+04  2.1760235e-02  1.4061118e-02  6.4736707e-03
  1.4555921e+01  1.3490338e+01  1.0334428e+01]
[-3.2589448e+03 -1.0843604e-04  1.2522784e+04  3.0696486e+04
 -7.2768560e+03  2.2259800e-04  3.8385400e+03  3.0566994e-04
  1.8415848e+04  2.1760235e-02  1.4061118e-02  6.4736707e-03
  1.4555921e+01  1.3490338e+01  1.0334428e+01]
[-2.53979126e+03 -1.11634865e-04  1.00780576e+04  2.92111113e+04
 -5.33447412e+03  2.09786464e-04  1.97475494e+02  2.45644624e-04
  1.25071846e+04  2.16371547e-02  1.28867263e-02  5.88769838e-03
  1.41636848e+01  1.26378040e+01  1.10305843e+01]
[-1.67997583e+03 -1.06338011e-04  9.40231836e+03  3.57996758e+04
 -3.76614355e+03  2.06844561e-04 -2.00919910e+03  2.75003928e-04
  1.45093662e+04  1.98853817e-02  1.39365457e-02  6.26276340e-03
  1.40963612e+01  1.34067135e+01  1.08858671e+01]
[-9.3478333e+02 -1.5366024e-04  9.0550410e+03  3.5488891e+04
 -3.0951462e+03  2.4519765e-04 -1.1858365e+03  2.3105444e-04
  1.0594751e+04  1.7977878e-02  1.3880738e-02  4.4641392e-03
  1.4410772e+01  1.2760978e+01  1.1373944e+01]
[-2.1661911e+02 -1.7392017e-04  9.4364287e+03  3.0332857e+04
 -2.3431001e+03  2.6537495e-04 -2.0628745e+03  1.7568318e-04
  6.0239771e+03  1.8546565e-02  1.3418500e-02  3.4383051e-03
  1.4474388e+01  1.2600918e+01  1.1479545e+01]
[-2.1661911e+02 -1.7392017e-04  9.4364287e+03  3.0332857e+04
 -2.3431001e+03  2.6537495e-04 -2.0628745e+03  1.7568318e-04
  6.0239771e+03  1.8546565e-02  1.3418500e-02  3.4383051e-03
  1.4474388e+01  1.2600918e+01  1.1479545e+01]
[ 9.0989944e+01 -7.6120712e-05  6.7393711e+03  2.4544854e+04
 -1.8650413e+03  2.0366145e-04 -1.0017646e+03  1.8357727e-04
  4.5600693e+03  1.9527009e-02  1.3179786e-02  3.1834978e-03
  1.3507980e+01  1.3367566e+01  1.2136535e+01]
[-1.3969822e+03 -7.4407813e-05  6.0338711e+03  2.3353354e+04
 -1.0900853e+03  2.2873853e-04  7.4310535e+02  2.0006203e-04
  6.1312744e+02  1.5712006e-02  1.5222626e-02  2.2021311e-03
  1.2866806e+01  1.3224215e+01  1.4048922e+01]
[ 1.8650600e+02 -6.1894789e-05  4.5201436e+03  2.8560979e+04
  3.8989093e+02  1.9353585e-04 -1.1945769e+03  2.7336241e-04
  4.4250356e+03  9.5547205e-03  1.6119087e-02  4.4143521e-03
  1.2770196e+01  1.2974135e+01  1.3913594e+01]
[ 1.4891974e+02 -2.6287962e-05  3.1525864e+03  3.3761648e+04
 -1.5303084e+02  1.5184024e-04 -1.0086752e+03  3.1526896e-04
  1.1355691e+04  5.9062177e-03  1.6814390e-02  5.4282863e-03
  1.3458702e+01  1.3654464e+01  1.2657315e+01]
[ 6.25127319e+02 -1.16936544e-05  2.27387109e+03  2.54141641e+04
  1.13169751e+03  1.44107325e-04 -5.26658752e+02  3.27434187e-04
  7.56307080e+03  3.06032994e-03  1.76123232e-02  4.56184661e-03
  1.32480030e+01  1.37174635e+01  1.26688938e+01]
[ 6.25127319e+02 -1.16936544e-05  2.27387109e+03  2.54141641e+04
  1.13169751e+03  1.44107325e-04 -5.26658752e+02  3.27434187e-04
  7.56307080e+03  3.06032994e-03  1.76123232e-02  4.56184661e-03
  1.32480030e+01  1.37174635e+01  1.26688938e+01]
[ 6.8587360e+02 -3.9844213e-05  1.1498647e+03  2.6906678e+04
  9.5629431e+02  1.6486496e-04 -1.4614583e+03  3.2636683e-04
  6.0723413e+03  2.9563450e-03  1.7475013e-02  3.9287801e-03
  1.3579682e+01  1.4066548e+01  1.2577149e+01]
[ 1.9051723e+02 -5.9020673e-05  1.8773378e+03  2.4785057e+04
  4.6871408e+02  1.9864057e-04 -1.0909252e+03  3.4672330e-04
  2.5537668e+03  1.3159645e-03  1.8104916e-02  2.7200272e-03
  1.3005539e+01  1.3851618e+01  1.4053279e+01]
[-2.02805130e+02 -4.98457921e-05  2.74328638e+03  2.49913848e+04
 -4.64017944e+02  1.90365332e-04 -5.90123108e+02  3.16405698e-04
  3.04247021e+03  1.51239568e-03  1.78237930e-02  1.68396719e-03
  1.28670092e+01  1.30429945e+01  1.40310879e+01]
[-3.8154587e+02 -2.5996665e-05  1.8638738e+03  2.4766830e+04
 -6.5259125e+02  1.7682163e-04 -2.0857214e+03  3.3945611e-04
  3.5439626e+03  5.1496411e-04  1.7618546e-02  5.8042066e-04
  1.2861746e+01  1.3436829e+01  1.4285556e+01]
[-4.64687439e+02  4.13473663e-06  1.79156677e+03  2.56345898e+04
 -1.07598181e+03  1.57933013e-04 -3.06158423e+03  3.60399863e-04
  5.45809521e+03 -4.59920528e-04  1.82149317e-02  8.04823707e-04
  1.26599216e+01  1.33935928e+01  1.46524315e+01]
[-1.2076666e+03 -3.6243386e-05  4.9277480e+03  1.6519129e+04
 -3.1703213e+03  1.9925385e-04 -6.5908618e+03  2.8296039e-04
  1.4685308e+03  9.6582901e-03  1.4601673e-02 -1.2376395e-03
  1.2390959e+01  1.2710355e+01  1.4872858e+01]
[-1.2076666e+03 -3.6243386e-05  4.9277480e+03  1.6519129e+04
 -3.1703213e+03  1.9925385e-04 -6.5908618e+03  2.8296039e-04
  1.4685308e+03  9.6582901e-03  1.4601673e-02 -1.2376395e-03
  1.2390959e+01  1.2710355e+01  1.4872858e+01]
[-1.3617045e+03 -2.5415549e-05  6.1347881e+03  1.9861133e+04
 -4.4640605e+03  1.7989785e-04 -8.3208340e+03  2.6711947e-04
  4.1317202e+03  1.4283791e-02  1.2681581e-02 -2.3718977e-04
  1.1789348e+01  1.2092028e+01  1.4911149e+01]
[-7.8029700e+02  4.1975512e-05  3.4625679e+03  1.7248326e+04
 -2.1652363e+03  1.1091157e-04 -4.3945967e+03  3.0628624e-04
  7.5260645e+03  8.8403309e-03  1.4105786e-02  1.4331887e-03
  1.1377913e+01  1.2762302e+01  1.3507167e+01]
[-3.95104797e+02  5.73528487e-05  2.38477271e+03  1.57292559e+04
 -1.49881628e+03  1.02259655e-04 -2.91124731e+03  3.10148054e-04
  7.06269336e+03  7.73339486e-03  1.45526724e-02  1.43816357e-03
  1.14824562e+01  1.31189651e+01  1.34445295e+01]
[-3.95104797e+02  5.73528487e-05  2.38477271e+03  1.57292559e+04
 -1.49881628e+03  1.02259655e-04 -2.91124731e+03  3.10148054e-04
  7.06269336e+03  7.73339486e-03  1.45526724e-02  1.43816357e-03
  1.14824562e+01  1.31189651e+01  1.34445295e+01]
[ 1.7455739e+03  2.0582676e-05  2.0892490e+03  1.5122283e+04
 -8.0432013e+02  1.2447260e-04 -2.9204155e+03  2.9180598e-04
  5.9619214e+03  9.2609758e-03  1.3212421e-02  1.0311909e-03
  1.2179009e+01  1.3843531e+01  1.2490018e+01]
[ 1.6047355e+03 -2.4322566e-05  1.1861791e+03  1.5445784e+04
 -7.0816443e+02  1.5627843e-04 -2.8579199e+03  2.8499163e-04
  3.8564468e+03  7.4156979e-03  1.3185242e-02  8.8976230e-04
  1.2765896e+01  1.3952216e+01  1.2397251e+01]
[ 5.1504419e+03 -5.6855755e-05  1.1507777e+03  1.3120623e+04
 -4.7097125e+02  1.7878137e-04 -3.0422236e+03  2.5416640e-04
  1.6915236e+03  9.9651320e-03  1.1492238e-02  1.0064293e-03
  1.3109962e+01  1.3813179e+01  1.2410787e+01]
[ 7.0001748e+03 -4.0426137e-05  2.5893732e+01  8.1755366e+03
  2.7271896e+02  1.7213816e-04 -2.1621052e+03  2.7796018e-04
  9.0853912e+02  8.0276327e-03  1.1709791e-02  5.4093933e-04
  1.3384960e+01  1.4439375e+01  1.2348223e+01]
[ 1.1190737e+04 -6.7675457e-05  4.8543155e+02  8.7219248e+03
  4.0980701e+02  1.9260644e-04 -2.3047849e+03  2.7389568e-04
  8.6672333e+01  1.3736834e-02  8.4258216e-03  2.3048439e-04
  1.3834933e+01  1.4386457e+01  1.3254606e+01]
[ 1.14784355e+04 -6.32106312e-05 -1.07209450e+02  1.20817344e+04
  4.04709198e+02  1.80184114e-04 -3.67322729e+03  2.79216794e-04
  1.51197412e+03  1.42893139e-02  8.08444805e-03  1.02795032e-03
  1.38533983e+01  1.44299440e+01  1.30803995e+01]
[ 1.5572499e+04 -4.0406463e-05 -1.3356755e+02  7.3800854e+03
  3.9907202e+02  1.6278400e-04 -4.1531118e+03  2.8261097e-04
  1.3443397e+03  1.8342501e-02  5.1364559e-03  3.4731260e-04
  1.3591496e+01  1.4413831e+01  1.3582024e+01]
[ 1.9068574e+04 -4.0973893e-05 -2.8311923e+02  7.9219277e+03
  5.8546161e+02  1.5668049e-04 -4.2607129e+03  2.8025196e-04
  1.5708209e+03  1.9302443e-02  4.2119403e-03  5.8452971e-04
  1.3673131e+01  1.4240799e+01  1.3546890e+01]
[ 2.4806158e+04 -1.7367121e-05 -1.0503538e+03  8.3936035e+03
  1.0951406e+03  1.3698524e-04 -4.2499131e+03  2.9127003e-04
  2.1771465e+03  2.2836968e-02  2.3846263e-03  5.6814123e-04
  1.3675841e+01  1.4588808e+01  1.3859369e+01]
[ 4.64411016e+04 -3.16950718e-07  7.33788818e+02 -3.29288086e+02
  2.82329297e+04  1.85353420e-04 -5.13617432e+02  1.13822462e-05
  2.01819572e+01  2.53537912e-02  1.64709557e-02  7.17334115e-05
  9.99760818e+00  1.16153965e+01  1.47041740e+01]
[ 3.86935352e+04  7.15354054e-06  3.14208466e+02 -4.58903847e+01
  2.85458750e+04  1.70281564e-04 -4.47468452e+01  5.49373726e-06
 -9.99439926e+01  2.46354938e-02  1.64205711e-02  1.80895760e-04
  9.31617355e+00  1.13230505e+01  1.46729355e+01]
[ 3.2743305e+04  1.0802559e-05  7.0911682e+01 -2.1783954e+02
  2.8420410e+04  1.6108988e-04  3.8462997e+02 -7.1227914e-06
 -2.4195383e+02  2.4542246e-02  1.6172336e-02 -2.4312667e-05
  8.8086672e+00  1.1024563e+01  1.4610598e+01]
[ 2.4780516e+04  3.5079220e-06 -9.8916138e+01 -3.5570404e+02
  2.8075773e+04  1.5522112e-04  1.1553644e+03 -3.2806081e-05
 -5.3711932e+02  2.4418583e-02  1.6028121e-02 -2.6068979e-04
  7.5371594e+00  1.0213135e+01  1.4499001e+01]
[ 2.00852734e+04  6.91348123e-06 -2.27672943e+02 -1.13525925e+02
  2.78043418e+04  1.49798332e-04  1.09687842e+03 -4.99483504e-05
 -4.09372009e+02  2.54705958e-02  1.59334764e-02 -3.99532291e-04
  7.22988415e+00  9.99260139e+00  1.43892546e+01]
[ 1.8083734e+04  4.5980623e-06  6.6989899e+01  6.6209831e+01
  2.7370168e+04  1.5091243e-04 -1.4281482e+02 -5.0657582e-05
 -1.4019933e+02  2.5077844e-02  1.6065322e-02 -6.4446038e-05
  8.0453215e+00  9.9136477e+00  1.4395223e+01]
[ 1.8759994e+04  1.0493380e-05  4.9735016e+01  4.0875247e+02
  2.7552617e+04  1.5213349e-04 -4.0490738e+02 -4.1243718e-05
 -1.6476434e+02  2.5209546e-02  1.6106969e-02 -1.3225936e-04
  8.5482788e+00  1.0394030e+01  1.4471416e+01]
[ 1.90855469e+04  1.17603131e-05  7.45277634e+01  1.41469360e+02
  2.75895781e+04  1.50222273e-04 -9.53501404e+02 -3.95321440e-05
  1.07720665e+02  2.55295094e-02  1.60663761e-02 -4.58024260e-05
  8.73404598e+00  1.03263416e+01  1.45104074e+01]
[ 1.78393848e+04  1.88571466e-05 -4.43373138e+02  6.14739075e+02
  2.71999473e+04  1.45118684e-04 -1.27594971e+03 -3.32143136e-05
  1.59584457e+02  2.53898241e-02  1.60545148e-02  1.01409154e-04
  9.17521095e+00  1.05767365e+01  1.44987249e+01]
[ 1.5551801e+04  1.4082335e-05 -1.7972991e+00  4.8765680e+02
  2.7670971e+04  1.4777927e-04 -6.9306152e+02 -4.4065040e-05
  1.1951516e+01  2.5473926e-02  1.6110301e-02  1.1966534e-04
  8.7864571e+00  1.0366393e+01  1.4471868e+01]
[ 1.2121630e+04  1.4514299e-06 -8.2213348e+01 -4.4348026e+02
  2.7583170e+04  1.4865227e-04 -8.4441187e+02 -4.2475665e-05
  2.7075568e+02  2.5730046e-02  1.5955428e-02  6.9774443e-04
  7.9830933e+00  9.8777313e+00  1.4502227e+01]
[ 1.0709185e+04  3.2908683e-06 -2.4573454e+01 -5.6838525e+02
  2.7408348e+04  1.3401503e-04 -1.5182146e+03  2.3385910e-06
  3.2964883e+03  2.5543723e-02  1.5994124e-02  1.9004733e-03
  7.8880334e+00  9.3594828e+00  1.4451082e+01]
[ 1.2429199e+04 -8.8528486e-07  9.1272896e+01 -4.5581500e+02
  2.7581215e+04  1.2531938e-04 -1.6904324e+03  8.6901935e-05
  8.2400635e+03  2.5584711e-02  1.6133623e-02  3.5338821e-03
  7.7783322e+00  8.9623318e+00  1.4497152e+01]
[ 1.1606551e+04 -1.1952106e-05  1.4284512e+02 -5.2194592e+02
  2.7851465e+04  1.2631936e-04 -2.7485193e+02  1.3821034e-04
  1.1434277e+04  2.5570916e-02  1.6149228e-02  4.8740399e-03
  7.4763536e+00  8.6932602e+00  1.4506265e+01]
[ 1.1454443e+04 -3.0145096e-05  1.0285198e+02 -4.3811276e+02
  2.7686020e+04  1.3965901e-04  6.8906946e+02  1.7480360e-04
  1.3406782e+04  2.5477797e-02  1.6180960e-02  5.4275068e-03
  6.9813862e+00  8.7225866e+00  1.4511058e+01]
[ 1.2909143e+04 -2.3504999e-05  2.2967055e+02 -2.0836606e+03
  2.8123428e+04  1.4007237e-04  1.2944799e+03  1.7171630e-04
  1.2208924e+04  2.5632093e-02  1.5973264e-02  4.6914080e-03
  6.7794604e+00  9.0752649e+00  1.4585672e+01]
[ 1.5444140e+04 -7.6639117e-06  5.2727209e+02 -2.4342666e+03
  2.8236037e+04  1.3338332e-04  8.7621112e+02  1.2306037e-04
  9.6082188e+03  2.6014507e-02  1.5984507e-02  3.2035713e-03
  6.8426805e+00  9.0397787e+00  1.4552807e+01]
[ 1.6709896e+04 -4.2048746e-06  9.5135468e+02 -3.7589143e+03
  2.8359611e+04  1.4294856e-04  1.1632184e+03  1.3086315e-05
  3.1470916e+03  2.6956810e-02  1.5522661e-02  1.7623777e-03
  6.8983769e+00  9.2650661e+00  1.4620470e+01]
[ 1.7725361e+04 -4.8599591e-06  1.8203204e+03 -3.1851521e+03
  2.8090166e+04  1.5098447e-04  1.7416909e+03 -4.8184305e-05
  2.1712425e+02  2.6726617e-02  1.5498335e-02  7.4979581e-04
  7.4237013e+00  9.1539412e+00  1.4556328e+01]
[ 1.6754385e+04 -1.1997985e-05  2.9075532e+03 -1.6074491e+03
  2.7318146e+04  1.5964685e-04  2.1353882e+03 -4.7604502e-05
 -1.8605994e+02  2.5923343e-02  1.5577241e-02  8.6469174e-04
  7.4874544e+00  9.2692261e+00  1.4484573e+01]
[ 1.4835820e+04 -1.6874945e-05  4.3938135e+03 -2.5353611e+03
  2.7639023e+04  1.6129178e-04  2.3646069e+03 -2.8391285e-05
  2.2278758e+02  2.6103524e-02  1.5399311e-02  1.9475564e-03
  7.3524289e+00  9.2707291e+00  1.4535368e+01]
[ 1.3878264e+04 -2.7171962e-05  6.0871421e+03 -1.4100387e+03
  2.7381293e+04  1.7259869e-04  2.2477830e+03 -1.4533354e-05
  3.4722214e+02  2.5741359e-02  1.5503265e-02  2.4590702e-03
  7.0737443e+00  9.4840870e+00  1.4529980e+01]
[ 1.1303759e+04 -4.5992198e-05  1.0256001e+04 -6.3323627e+02
  2.8757510e+04  1.9865236e-04  6.8117100e+03 -1.0580690e-05
 -4.3435156e+02  2.4917651e-02  1.5866427e-02  3.0625311e-03
  6.1779213e+00  9.7332077e+00  1.4580833e+01]
[ 1.0023083e+04 -2.5866055e-05  9.5118057e+03  1.1368489e+03
  2.8043881e+04  1.7935492e-04  1.0883777e+04  4.4463650e-06
 -1.5511168e+02  2.4915447e-02  1.5722048e-02  3.4447091e-03
  5.8332930e+00  9.8508930e+00  1.4647745e+01]
[ 8.0708721e+03 -1.4041962e-07  8.8576582e+03  1.8132731e+03
  2.8064742e+04  1.6047931e-04  1.2044262e+04  9.3592225e-06
  1.6816316e+02  2.5107786e-02  1.5645960e-02  3.5299687e-03
  6.6695499e+00  1.0228097e+01  1.4612683e+01]
[ 6.7760215e+03 -1.5148377e-05  1.1026352e+04  1.9268364e+03
  2.7789309e+04  1.8125723e-04  1.2147967e+04  1.5993566e-05
  5.9174522e+01  2.5225407e-02  1.5970040e-02  3.7850246e-03
  6.7425680e+00  1.0532894e+01  1.4639324e+01]
[ 2.9460366e+03 -6.8150166e-07  1.5877157e+04  2.6769734e+03
  2.8368643e+04  1.8294738e-04  2.6016533e+04  5.8707301e-05
 -6.1968958e+02  2.2467997e-02  1.6950367e-02  5.7309149e-03
  6.7200274e+00  1.1061439e+01  1.4842941e+01]
[2.1039197e+03 8.7937888e-06 1.6674072e+04 2.7291865e+03 2.7538221e+04
 1.7728168e-04 2.8818979e+04 7.3166426e-05 2.6875391e+01 2.2388047e-02
 1.7142490e-02 6.4651356e-03 7.1306572e+00 1.1214193e+01 1.4743302e+01]
[1.0140933e+03 6.5131251e-05 1.4242338e+04 7.4662129e+03 2.4428234e+04
 1.1649270e-04 4.0641020e+04 9.9969759e-05 4.9423660e+02 1.8673593e-02
 1.7393108e-02 7.0904838e-03 7.2433977e+00 1.0733500e+01 1.4776428e+01]
[3.8043256e+02 8.9299545e-05 1.2361580e+04 9.9648457e+03 1.7726521e+04
 7.2343668e-05 4.4862262e+04 1.6439141e-04 1.9439833e+03 1.5408035e-02
 1.7189240e-02 8.3456244e-03 7.0877638e+00 9.9800930e+00 1.4586649e+01]
[1.50967004e+03 5.67677598e-05 1.23269980e+04 1.68509141e+04
 1.38292100e+04 7.41348340e-05 4.52551016e+04 2.38473585e-04
 4.66885938e+03 1.03647392e-02 1.69663895e-02 9.13509727e-03
 7.71027660e+00 9.81970406e+00 1.41450615e+01]
[1.9574370e+03 9.8866869e-05 9.1882871e+03 1.9198590e+04 7.7574224e+03
 2.1070555e-05 4.6343875e+04 2.6847803e-04 7.3285918e+03 7.5187902e-03
 1.6573315e-02 9.8651126e-03 8.4606171e+00 9.0353889e+00 1.3948133e+01]
[ 1.9097589e+03  1.3813759e-04  7.3099399e+03  2.1763209e+04
  5.9385020e+03 -1.6501093e-05  4.9745797e+04  2.8569746e-04
  9.0246201e+03  5.8652759e-03  1.6413793e-02  1.0130954e-02
  8.1666212e+00  8.7782593e+00  1.4099104e+01]
[ 2.1874490e+03  1.3449868e-04  6.3184688e+03  1.9447193e+04
  3.2558518e+03 -3.3338947e-05  4.1077152e+04  3.1788312e-04
  1.0610623e+04  5.6335204e-03  1.5446162e-02  1.1095148e-02
  7.5231247e+00  7.9283581e+00  1.4011595e+01]
[ 2.45000610e+03  1.07862914e-04  4.61423926e+03  2.34546211e+04
  2.31366968e+03 -2.48299039e-05  3.64324375e+04  2.94846453e-04
  8.93929785e+03  5.32543566e-03  1.45340739e-02  9.87085514e-03
  7.13767529e+00  7.44188118e+00  1.39785929e+01]
[ 2.07035596e+03  1.08886030e-04  2.69478784e+03  2.22850508e+04
  2.35497705e+03 -3.29593095e-05  3.60031836e+04  2.67641881e-04
  7.07902002e+03  6.37378870e-03  1.43453125e-02  9.85850208e-03
  7.83453178e+00  7.11457586e+00  1.39303293e+01]
[ 2.13699927e+03  1.09984205e-04  1.48913452e+03  2.53710352e+04
  2.14411426e+03 -3.33088319e-05  2.97664512e+04  2.73870683e-04
  7.54896484e+03  5.04259579e-03  1.46977482e-02  9.15183406e-03
  7.65436745e+00  7.41095257e+00  1.38745031e+01]
[ 2.4969990e+03  1.1261518e-04  9.7356885e+02  2.5028143e+04
  2.5660876e+03 -3.8627593e-05  3.4067820e+04  2.6079142e-04
  6.3871265e+03  4.4969595e-03  1.4616416e-02  9.0494296e-03
  7.6931210e+00  7.1680598e+00  1.3880941e+01]
[ 2.8094502e+03  1.2309129e-04 -8.0606285e+01  2.9331529e+04
  3.3282078e+03 -5.4658580e-05  3.8076238e+04  2.6050623e-04
  6.6745117e+03  2.5455193e-03  1.4375093e-02  8.7968595e-03
  7.8862009e+00  7.1082058e+00  1.3880620e+01]
[ 2.8535332e+03  1.4242205e-04 -1.4306177e+03  3.3317488e+04
  4.5214702e+03 -7.2787429e-05  4.0713691e+04  2.5060700e-04
  6.5185615e+03  1.6401135e-03  1.4725831e-02  8.6620571e-03
  8.2748919e+00  7.0773125e+00  1.4027617e+01]
[ 2.1313635e+03  1.2688455e-04 -7.6239722e+02  3.2811258e+04
  3.3073572e+03 -5.7875077e-05  3.8834871e+04  2.6641146e-04
  7.3280352e+03  3.5499255e-03  1.5068051e-02  9.4281221e-03
  9.1317482e+00  7.2464690e+00  1.4056147e+01]
[ 3.2930576e+03  1.9215952e-04 -3.2206660e+03  4.7362164e+04
  5.4211611e+03 -1.2670108e-04  5.5592230e+04  2.9360520e-04
  9.4301758e+03 -4.1568088e-03  1.5439304e-02  9.2307543e-03
  8.8744116e+00  7.2316608e+00  1.4271484e+01]
[ 3.24280835e+03  1.72057829e-04 -2.18223828e+03  4.50487031e+04
  4.42517285e+03 -1.08170825e-04  5.38102227e+04  2.90352211e-04
  9.17483691e+03 -3.23659158e-03  1.48940319e-02  8.91377777e-03
  8.68977070e+00  7.22318554e+00  1.41690331e+01]
[ 3.2680830e+03  1.9218212e-04 -3.7262908e+03  4.5605445e+04
  6.2815908e+03 -1.2581042e-04  5.1982332e+04  2.6025408e-04
  8.5119062e+03 -2.4440924e-03  1.5066183e-02  8.7612644e-03
  8.8773870e+00  7.0566816e+00  1.4208323e+01]
[ 2.9665967e+03  1.8113057e-04 -3.1324924e+03  4.5223574e+04
  5.3774478e+03 -1.1297683e-04  5.1009938e+04  2.8566734e-04
  8.7772295e+03 -2.3224757e-03  1.5798736e-02  9.3382858e-03
  9.0859652e+00  7.2852402e+00  1.4320916e+01]
[ 3.5501384e+03  1.9658728e-04 -2.8197788e+03  4.7031844e+04
  4.3078237e+03 -1.3313812e-04  5.9345297e+04  3.0668420e-04
  9.7850664e+03 -5.0342218e-03  1.5177954e-02  9.4572315e-03
  8.1299286e+00  7.0687666e+00  1.4250183e+01]
[ 3.4618572e+03  1.8856098e-04 -1.6398318e+03  5.0161902e+04
  3.8427163e+03 -1.2185143e-04  6.3937586e+04  3.1296554e-04
  9.9521162e+03 -5.6274771e-03  1.5101822e-02  9.0751750e-03
  8.3653107e+00  7.2131824e+00  1.4487512e+01]
[ 3.0428506e+03  1.7705205e-04 -8.6551941e+02  4.8163277e+04
  2.7413135e+03 -1.1289420e-04  6.5707117e+04  3.0879924e-04
  9.6383701e+03 -3.7195645e-03  1.4621050e-02  9.4539663e-03
  8.4302626e+00  7.0059118e+00  1.4527624e+01]
[ 1.8498776e+03  1.5790986e-04  5.4114252e+02  4.2956969e+04
  1.3656290e+03 -9.4851632e-05  6.3678809e+04  3.1487877e-04
  9.8899033e+03 -5.2404357e-04  1.4072435e-02  1.0111737e-02
  8.6664371e+00  7.0093789e+00  1.4457439e+01]
[ 1.1785858e+03  1.7060482e-04  1.0437954e+03  3.7655484e+04
 -3.3932379e+02 -1.0809363e-04  6.8128758e+04  3.3767446e-04
  1.1071615e+04  5.4523081e-04  1.3700362e-02  1.1508170e-02
  8.6958475e+00  6.8953705e+00  1.4287511e+01]
[ 1.9241901e+02  1.5246170e-04  3.6619937e+03  3.3262816e+04
 -4.1282168e+03 -9.5658390e-05  7.6134734e+04  3.8338357e-04
  1.2909545e+04  8.9274923e-04  1.1906686e-02  1.2271550e-02
  7.6442852e+00  6.9094028e+00  1.4166334e+01]
[ 2.0855803e+03  1.3434581e-04  4.0605217e+03  3.0397350e+04
 -3.2251177e+03 -6.4240536e-05  6.0066090e+04  3.4512466e-04
  1.3593665e+04  3.1100744e-03  1.2669806e-02  1.1373940e-02
  8.1515541e+00  7.2421274e+00  1.3811752e+01]
[-1.16307507e+03  2.52378995e-05  6.91018262e+03  2.44579355e+04
 -2.24400024e+03  3.81577483e-05  3.78131641e+04  2.93287681e-04
  1.26657402e+04  1.37002068e-02  1.14815775e-02  1.06000341e-02
  1.10584974e+01  8.21520519e+00  1.32197294e+01]
[ 5.94135254e+02  9.20066668e-05  6.74302393e+03  1.58506592e+04
 -1.55765759e+03 -4.88603109e-06  4.19479258e+04  2.78326392e-04
  1.54897861e+04  1.39707429e-02  1.14134094e-02  1.17128510e-02
  1.14341345e+01  7.99785137e+00  1.30944691e+01]
[-6.6614487e+01  9.8395336e-05  9.8504766e+03  9.6688848e+03
 -1.4815415e+03 -9.0779831e-06  5.4523895e+04  2.8090092e-04
  1.3117280e+04  1.6210124e-02  1.1367457e-02  1.2964096e-02
  1.0411454e+01  7.0956535e+00  1.3575543e+01]
[-2.7064066e+02  4.1114632e-05  1.0125134e+04  1.3324921e+04
 -2.6097126e+03  4.4467386e-05  4.1962430e+04  2.9306306e-04
  1.4790767e+04  1.6979994e-02  1.1371767e-02  1.2101007e-02
  1.1203458e+01  8.3182335e+00  1.2915889e+01]
[-1.3671982e+03 -3.1993037e-05  1.1031534e+04  2.2722238e+04
 -1.9706670e+03  1.1677131e-04  2.1314619e+04  3.1403042e-04
  1.7230748e+04  1.9585067e-02  1.2037142e-02  1.0882959e-02
  1.2614068e+01  9.7185717e+00  1.2748392e+01]
[-1.9238687e+03 -1.2085577e-04  1.4865979e+04  2.3082598e+04
 -1.4032181e+03  1.8519213e-04  1.9951037e+04  3.2554803e-04
  1.5052557e+04  2.3081725e-02  1.1913367e-02  1.0975209e-02
  1.2630375e+01  9.5516720e+00  1.2612099e+01]
[-1.72848547e+03 -5.10426798e-05  1.40384297e+04  1.75088828e+04
 -2.27923755e+03  1.43536687e-04  2.68202793e+04  3.41632403e-04
  1.62481240e+04  2.08482966e-02  1.24770300e-02  1.18034445e-02
  1.17511806e+01  9.95800591e+00  1.27693110e+01]
[-1.7770433e+03 -9.1989357e-05  1.5501716e+04  2.3848801e+04
 -2.1007007e+03  1.7149281e-04  2.2601277e+04  3.4461037e-04
  1.6652053e+04  2.1542598e-02  1.2780498e-02  1.0845221e-02
  1.1708236e+01  9.7366810e+00  1.2663692e+01]
[-2.3133137e+03 -1.0141442e-04  1.3782590e+04  3.5374117e+04
 -4.4111392e+03  1.8944163e-04  1.0966099e+04  3.7269495e-04
  2.1240502e+04  1.9776074e-02  1.3610421e-02  9.4534047e-03
  1.2687397e+01  1.1627793e+01  1.1776792e+01]
[-2.20501880e+03 -1.33222507e-04  1.40383330e+04  3.70656680e+04
 -4.10487354e+03  2.03935604e-04  1.16106494e+04  3.75082076e-04
  2.01274277e+04  1.96318533e-02  1.31334234e-02  9.42224823e-03
  1.23833685e+01  1.14112911e+01  1.15978384e+01]
[-1.59915955e+03 -3.96290961e-05  1.25438027e+04  3.58975469e+04
 -2.37186450e+03  1.39055919e-04  1.22943154e+04  4.02241218e-04
  2.18379336e+04  1.62608251e-02  1.43129695e-02  9.67356563e-03
  1.05525913e+01  1.09834757e+01  1.27072515e+01]
[-7.70247803e+02  7.17280127e-05  8.82687500e+03  2.73705723e+04
 -4.27191064e+03  6.41522565e-05  1.56338213e+04  3.65454383e-04
  2.27825918e+04  1.29509876e-02  1.50164971e-02  9.34855454e-03
  1.09743452e+01  1.14771738e+01  1.23271675e+01]
[ 2.5456039e+01  1.3158192e-04  6.6507339e+03  1.7211064e+04
 -3.7538694e+03  7.9891215e-06  2.7223945e+04  3.3043383e-04
  1.9221000e+04  1.0332728e-02  1.4401556e-02  9.7714812e-03
  1.0384878e+01  1.0535046e+01  1.2660791e+01]
[ 9.0051813e+02  1.9834735e-04  2.2734927e+03  9.1817891e+03
 -1.3880857e+03 -4.7046386e-05  2.7323426e+04  3.1261990e-04
  1.6190977e+04  5.1157079e-03  1.5121128e-02  8.9852596e-03
  1.0477780e+01  1.0138490e+01  1.3105382e+01]
[ 5.6010010e+02  2.3536959e-04  8.9567419e+02  8.1422310e+01
 -6.4087502e+01 -8.0312566e-05  4.0949113e+04  3.1782553e-04
  1.4081737e+04  3.3051630e-03  1.4337884e-02  9.3235308e-03
  1.0024948e+01  9.5649052e+00  1.3550095e+01]
[ 5.3522614e+02  1.9394889e-04 -1.6971751e+02  6.2653071e+03
  1.1652024e+03 -6.0894097e-05  4.0774512e+04  3.2161310e-04
  1.0563246e+04  1.7465487e-03  1.4734231e-02  9.1020996e-03
  9.8409586e+00  9.3234091e+00  1.3829789e+01]
[ 3.1376163e+02  1.9089170e-04 -5.3593695e+02  5.2070962e+03
  1.2232166e+03 -5.9464481e-05  4.3814484e+04  3.1906471e-04
  9.6617676e+03  1.6317418e-03  1.4379055e-02  8.9935372e-03
  9.7813711e+00  9.2636242e+00  1.3934855e+01]
[ 7.7770929e+02  2.5175282e-04 -3.9721545e+02  6.0163364e+03
  7.4843365e+02 -1.1332433e-04  4.2999539e+04  3.3674686e-04
  1.3839977e+04  8.6571870e-04  1.4131748e-02  9.5027816e-03
  9.0998831e+00  8.6468077e+00  1.4064167e+01]
[ 8.7028394e+02  3.4315715e-04  3.3801740e+02  1.1470155e+02
 -3.2292422e+02 -1.8017989e-04  4.6554027e+04  3.5702463e-04
  1.8590883e+04  6.7029399e-04  1.3429127e-02  1.0036123e-02
  7.8881087e+00  7.9562373e+00  1.4506418e+01]
[ 9.4720996e+02  3.0830596e-04  8.7796820e+02  5.5995708e+03
  9.6315643e+01 -1.5047457e-04  3.1561996e+04  3.4914934e-04
  1.7758668e+04  2.3367428e-03  1.4894523e-02  9.9422056e-03
  8.0885477e+00  8.1486359e+00  1.4428747e+01]
[ 6.1359900e+02  3.1443097e-04  4.3764413e+02  2.1776531e+03
  3.2392728e+02 -1.4300091e-04  2.1618328e+04  3.4795818e-04
  1.8052074e+04  3.0882624e-03  1.5570175e-02  9.6525205e-03
  8.5632639e+00  8.5922565e+00  1.4475739e+01]
[ 2.2771399e+02  2.6548473e-04  8.6279077e+02  1.1163320e+04
  3.1402454e+02 -1.0965202e-04  1.2053618e+04  3.5195632e-04
  1.6895529e+04  4.0288204e-03  1.6271822e-02  9.4593978e-03
  8.1924343e+00  8.8152714e+00  1.4466827e+01]
[ 4.2140358e+01  2.4081320e-04 -9.1129616e+01  1.6020406e+04
  5.2555841e+02 -9.5659248e-05  7.7743096e+03  3.5489941e-04
  1.6167356e+04  3.2875766e-03  1.6311334e-02  8.9567183e-03
  8.4401541e+00  8.9969082e+00  1.4464674e+01]
[ 3.2108957e+02  2.0555039e-04  1.9174564e+02  2.4500441e+04
  6.3402350e+02 -8.1116399e-05  1.0051400e+04  3.7205449e-04
  1.6342798e+04  2.7204654e-03  1.6222613e-02  8.9826118e-03
  7.9443626e+00  8.7777643e+00  1.4391810e+01]
[ 3.2108957e+02  2.0555039e-04  1.9174564e+02  2.4500441e+04
  6.3402350e+02 -8.1116399e-05  1.0051400e+04  3.7205449e-04
  1.6342798e+04  2.7204654e-03  1.6222613e-02  8.9826118e-03
  7.9443626e+00  8.7777643e+00  1.4391810e+01]
[ 3.9498544e+02  1.8238348e-04 -1.1941235e+02  3.2474965e+04
  7.1163257e+02 -7.4276119e-05  1.0756034e+04  3.8429213e-04
  1.6826873e+04  2.2041940e-03  1.6002895e-02  8.8699022e-03
  7.6480365e+00  8.6374140e+00  1.4384653e+01]
[ 1.5747604e+02  1.3143293e-04 -3.3741476e+02  4.1837219e+04
  6.2746960e+02 -4.5891611e-05  6.4697085e+03  3.7534043e-04
  1.5864101e+04  3.6708175e-03  1.5571045e-02  8.4659001e-03
  7.0131092e+00  8.5317984e+00  1.4326182e+01]
[-7.0967819e+01  1.2395141e-04 -7.8922308e+02  4.6215988e+04
  7.7929431e+02 -4.3675034e-05  5.0166191e+03  3.8046882e-04
  1.6296610e+04  3.5681196e-03  1.5515882e-02  8.3689401e-03
  7.0629797e+00  8.6320086e+00  1.4374471e+01]
[-6.0315430e+02  1.1666100e-04 -5.7839563e+02  5.1794398e+04
  1.3148230e+02 -4.0187959e-05  2.9473037e+03  4.1071131e-04
  1.8365750e+04  3.7231608e-03  1.5317802e-02  8.6246701e-03
  6.5998893e+00  8.8301792e+00  1.4524075e+01]
[-8.4535651e+02  1.1242546e-04 -2.7165060e+02  5.4370238e+04
 -2.6998184e+02 -3.6723643e-05  2.9211372e+03  4.2846662e-04
  1.9170041e+04  3.6844998e-03  1.5444997e-02  8.8309711e-03
  6.2424035e+00  8.9753876e+00  1.4571178e+01]
[-1.00854736e+03  1.07119296e-04  2.38718918e+02  5.23100820e+04
 -3.68776978e+02 -2.63725451e-05 -2.49491113e+03  4.36996372e-04
  1.96894336e+04  4.48543904e-03  1.56856682e-02  8.71620141e-03
  5.98056602e+00  9.11029434e+00  1.45661278e+01]
[-1.00854736e+03  1.07119296e-04  2.38718918e+02  5.23100820e+04
 -3.68776978e+02 -2.63725451e-05 -2.49491113e+03  4.36996372e-04
  1.96894336e+04  4.48543904e-03  1.56856682e-02  8.71620141e-03
  5.98056602e+00  9.11029434e+00  1.45661278e+01]
[-6.91301880e+02  9.80525219e-05 -4.14795952e+01  4.90416172e+04
 -5.21549644e+01 -1.73852022e-05 -3.43437524e+03  4.19350195e-04
  1.73854668e+04  3.81241529e-03  1.59604512e-02  8.26658867e-03
  6.14236879e+00  9.14631462e+00  1.44333935e+01]
[ 3.3912592e+02  7.5209675e-05  5.6078140e+01  3.5468992e+04
  6.6186688e+02  4.4446933e-06 -2.0829717e+03  3.3196577e-04
  1.0741249e+04  4.9653007e-03  1.5655207e-02  7.5888843e-03
  6.9574199e+00  8.8089437e+00  1.3980324e+01]
[-4.3238858e+02  7.4469841e-05  4.9975885e+02  3.3187992e+04
  1.5225284e+02  2.3178782e-05 -5.9009404e+03  3.2698811e-04
  1.0845932e+04  6.4399187e-03  1.6140822e-02  7.2290092e-03
  8.3017817e+00  9.3261127e+00  1.4308325e+01]
[-8.6659064e+02  6.3435698e-05  1.6272466e+03  3.5483242e+04
 -7.9693536e+02  4.3873042e-05 -6.3833545e+03  3.3793616e-04
  1.2539500e+04  7.3922542e-03  1.6198635e-02  6.9759618e-03
  9.1059799e+00  9.8116493e+00  1.4485836e+01]
[-9.3121027e+02  6.1264465e-05  1.5292859e+03  3.3750613e+04
 -6.4654791e+02  6.7558132e-05 -8.8997832e+03  3.2031976e-04
  1.2527049e+04  8.4999688e-03  1.6061826e-02  6.1115623e-03
  1.0431584e+01  1.0303736e+01  1.5125092e+01]
[-2.6187152e+02  4.9829508e-05  9.4209979e+02  3.6917742e+04
  4.2041797e+02  7.5091768e-05 -5.7715098e+03  3.2221069e-04
  1.3194764e+04  7.1854279e-03  1.5817070e-02  6.1797663e-03
  1.1361903e+01  1.0740997e+01  1.4993362e+01]
[-1.4651387e+02  4.8650811e-05  1.3569509e+03  3.3139312e+04
  2.0160194e+02  7.9754958e-05 -4.8318179e+03  3.0856088e-04
  1.2920405e+04  8.4740454e-03  1.5122409e-02  6.3738581e-03
  1.1557829e+01  1.0618148e+01  1.5148988e+01]
[-1.7721152e+03 -1.2344614e-04  9.5846553e+03  3.4021395e+04
 -4.6973965e+03  2.3722870e-04 -3.8748674e+03  2.6156107e-04
  9.9964551e+03  1.8230913e-02  1.3468188e-02  3.7688250e-03
  1.3055113e+01  1.0446817e+01  1.4878871e+01]
[-1.7721152e+03 -1.2344614e-04  9.5846553e+03  3.4021395e+04
 -4.6973965e+03  2.3722870e-04 -3.8748674e+03  2.6156107e-04
  9.9964551e+03  1.8230913e-02  1.3468188e-02  3.7688250e-03
  1.3055113e+01  1.0446817e+01  1.4878871e+01]
[-2.6677561e+03 -1.9435212e-04  1.2759037e+04  3.5987391e+04
 -6.1471133e+03  2.9343151e-04 -4.2729189e+03  2.6958529e-04
  9.6868291e+03  2.2036137e-02  1.2654740e-02  3.4371100e-03
  1.3536614e+01  1.0079233e+01  1.5034087e+01]
[-3.1072502e+03 -2.0314436e-04  1.4816077e+04  3.9583195e+04
 -6.6258599e+03  2.9368128e-04 -2.4561812e+03  3.5247556e-04
  1.5291294e+04  2.2667298e-02  1.2706383e-02  4.9502198e-03
  1.3197021e+01  1.0096516e+01  1.4789831e+01]
[-3.1370618e+03 -2.2792933e-04  1.6769359e+04  3.9350387e+04
 -7.9258994e+03  3.1985372e-04 -1.1040571e+03  3.8601982e-04
  1.7040162e+04  2.3248330e-02  1.2896513e-02  4.5924648e-03
  1.3132151e+01  1.0184664e+01  1.4568848e+01]
[-3.1370618e+03 -2.2792933e-04  1.6769359e+04  3.9350387e+04
 -7.9258994e+03  3.1985372e-04 -1.1040571e+03  3.8601982e-04
  1.7040162e+04  2.3248330e-02  1.2896513e-02  4.5924648e-03
  1.3132151e+01  1.0184664e+01  1.4568848e+01]
[-2.5994170e+03 -2.7795639e-04  2.1481957e+04  3.9735578e+04
 -7.5774194e+03  3.7085489e-04  2.4171587e+02  4.6652701e-04
  1.9697908e+04  2.3999808e-02  1.4032536e-02  4.8882975e-03
  1.1800343e+01  9.9848919e+00  1.4825996e+01]
[-2.8475085e+03 -2.5626968e-04  2.3364996e+04  3.8147887e+04
 -6.8248228e+03  3.6998268e-04  9.1446466e+02  4.9130747e-04
  2.1030320e+04  2.4367396e-02  1.5316563e-02  5.7590846e-03
  1.1202676e+01  1.0507311e+01  1.5008004e+01]
[-3.83637378e+03 -2.23115043e-04  2.19652207e+04  3.74063203e+04
 -9.04907324e+03  3.54656018e-04 -1.79789246e+03  4.56218986e-04
  1.97089199e+04  2.52021719e-02  1.52832530e-02  4.68672952e-03
  1.11621284e+01  1.05575857e+01  1.53842125e+01]
[-3.83637378e+03 -2.23115043e-04  2.19652207e+04  3.74063203e+04
 -9.04907324e+03  3.54656018e-04 -1.79789246e+03  4.56218986e-04
  1.97089199e+04  2.52021719e-02  1.52832530e-02  4.68672952e-03
  1.11621284e+01  1.05575857e+01  1.53842125e+01]
[-3.4865071e+03 -2.0761955e-04  2.3552916e+04  3.2215488e+04
 -6.8219453e+03  3.5011058e-04  2.0251257e+03  4.3732178e-04
  1.8752926e+04  2.5897926e-02  1.6134981e-02  5.7942607e-03
  1.1052355e+01  1.1197611e+01  1.4736399e+01]
[-3.9166440e+03 -1.8374369e-04  2.1383891e+04  3.2757795e+04
 -9.6425742e+03  3.2967571e-04  1.8102485e+03  4.3163638e-04
  2.0025160e+04  2.5344653e-02  1.5502241e-02  5.2495748e-03
  1.1857744e+01  1.0932787e+01  1.4996241e+01]
[-3.5525999e+03 -1.8156991e-04  1.9257623e+04  3.4627871e+04
 -8.9477334e+03  3.0986618e-04  5.4336273e+02  4.0643345e-04
  1.8908852e+04  2.3880167e-02  1.4576506e-02  5.0374991e-03
  1.1896600e+01  1.0622672e+01  1.4754430e+01]
[-3.5525999e+03 -1.8156991e-04  1.9257623e+04  3.4627871e+04
 -8.9477334e+03  3.0986618e-04  5.4336273e+02  4.0643345e-04
  1.8908852e+04  2.3880167e-02  1.4576506e-02  5.0374991e-03
  1.1896600e+01  1.0622672e+01  1.4754430e+01]
[-2.7634424e+03 -6.8391426e-05  1.5993792e+04  2.5048592e+04
 -8.2434805e+03  2.3202525e-04  5.6169219e+03  3.3095182e-04
  1.8445635e+04  2.1515857e-02  1.5792971e-02  5.6292173e-03
  1.2739552e+01  1.2193048e+01  1.3098558e+01]
[-2.8543823e+03 -3.1021555e-05  1.4708853e+04  2.3616197e+04
 -9.2903330e+03  2.0757594e-04  7.6433901e+03  3.2114773e-04
  1.9923896e+04  2.0925669e-02  1.5766611e-02  5.4044304e-03
  1.3114244e+01  1.2567484e+01  1.2745250e+01]
[-1.06790979e+03 -1.44932972e-04  1.18283926e+04  3.12928125e+04
 -6.12845654e+03  2.55556166e-04  4.08952051e+03  1.97053625e-04
  1.25584648e+04  1.94193255e-02  1.42270476e-02  4.06869501e-03
  1.51350422e+01  1.31766815e+01  1.04072266e+01]
[-1.06790979e+03 -1.44932972e-04  1.18283926e+04  3.12928125e+04
 -6.12845654e+03  2.55556166e-04  4.08952051e+03  1.97053625e-04
  1.25584648e+04  1.94193255e-02  1.42270476e-02  4.06869501e-03
  1.51350422e+01  1.31766815e+01  1.04072266e+01]
[-7.6584576e+02 -1.3214827e-04  1.0637276e+04  3.1909018e+04
 -5.2963076e+03  2.4148164e-04  3.1208748e+03  2.1619073e-04
  1.2942828e+04  1.7354485e-02  1.4693018e-02  4.4447882e-03
  1.4898739e+01  1.3334006e+01  1.0417722e+01]
[-1.3927000e+03 -1.4891129e-04  1.1425703e+04  2.5502070e+04
 -5.6873760e+03  2.6172563e-04  3.1546086e+03  1.6044223e-04
  8.3733545e+03  2.0974778e-02  1.4305685e-02  3.9437772e-03
  1.4857906e+01  1.2997295e+01  1.0520191e+01]
[-5.8294690e+02 -2.0848824e-04  1.3147564e+04  3.0078318e+04
 -4.2968818e+03  3.0262274e-04  1.5942302e+03  1.7645530e-04
  9.5233770e+03  2.0779831e-02  1.3667454e-02  3.4782256e-03
  1.5516026e+01  1.3156218e+01  1.0218262e+01]
[-5.8294690e+02 -2.0848824e-04  1.3147564e+04  3.0078318e+04
 -4.2968818e+03  3.0262274e-04  1.5942302e+03  1.7645530e-04
  9.5233770e+03  2.0779831e-02  1.3667454e-02  3.4782256e-03
  1.5516026e+01  1.3156218e+01  1.0218262e+01]
[-1.57754932e+03 -1.93186468e-04  1.31341133e+04  3.43445938e+04
 -4.15837842e+03  2.87837291e-04 -1.35193384e+03  3.00887768e-04
  1.22703750e+04  2.06495356e-02  1.37178758e-02  4.93308948e-03
  1.38618803e+01  1.22246046e+01  1.24559765e+01]
[-2.2105298e+03 -1.4406252e-04  1.1881793e+04  3.0571047e+04
 -4.2976162e+03  2.6599396e-04 -2.3389563e+03  2.7359638e-04
  8.5809961e+03  1.9544657e-02  1.4111349e-02  4.7529791e-03
  1.2998443e+01  1.1731049e+01  1.4250113e+01]
[-1.20515210e+03 -1.70764673e-04  1.26138613e+04  3.87228164e+04
 -2.58697852e+03  2.67443917e-04 -2.04459033e+03  3.31032381e-04
  1.56235479e+04  1.91058721e-02  1.46905128e-02  5.73396869e-03
  1.39814825e+01  1.27476635e+01  1.20396938e+01]
[-1.20515210e+03 -1.70764673e-04  1.26138613e+04  3.87228164e+04
 -2.58697852e+03  2.67443917e-04 -2.04459033e+03  3.31032381e-04
  1.56235479e+04  1.91058721e-02  1.46905128e-02  5.73396869e-03
  1.39814825e+01  1.27476635e+01  1.20396938e+01]
[-5.77149353e+02 -1.67996346e-04  1.21087676e+04  3.68482539e+04
 -3.40053320e+03  2.61800771e-04 -2.08473218e+03  3.78059020e-04
  1.54473193e+04  1.86298098e-02  1.30787715e-02  5.34026697e-03
  1.31844282e+01  1.22805328e+01  1.29617767e+01]
[-1.73694482e+03 -1.77725669e-04  1.29313994e+04  3.34209492e+04
 -4.27617725e+03  2.86565424e-04 -2.46096240e+03  2.95334292e-04
  1.00375566e+04  1.93673056e-02  1.38072493e-02  4.36572731e-03
  1.32667885e+01  1.14199095e+01  1.41664562e+01]
[-1.73694482e+03 -1.77725669e-04  1.29313994e+04  3.34209492e+04
 -4.27617725e+03  2.86565424e-04 -2.46096240e+03  2.95334292e-04
  1.00375566e+04  1.93673056e-02  1.38072493e-02  4.36572731e-03
  1.32667885e+01  1.14199095e+01  1.41664562e+01]
[-1.31349255e+03 -1.16173782e-04  9.76669922e+03  3.33466367e+04
 -1.97852869e+03  2.39793357e-04 -2.44092773e+03  2.69773969e-04
  9.35005078e+03  1.64989717e-02  1.49163045e-02  4.27370565e-03
  1.33973055e+01  1.25186634e+01  1.34760361e+01]
[-1.6529506e+03 -1.6609541e-04  1.0314178e+04  3.1949705e+04
 -4.0701353e+03  2.6411202e-04 -1.5049587e+03  2.5206295e-04
  9.5494004e+03  1.8235583e-02  1.3292450e-02  3.6114086e-03
  1.4140392e+01  1.2344573e+01  1.2337553e+01]
[-1.6529506e+03 -1.6609541e-04  1.0314178e+04  3.1949705e+04
 -4.0701353e+03  2.6411202e-04 -1.5049587e+03  2.5206295e-04
  9.5494004e+03  1.8235583e-02  1.3292450e-02  3.6114086e-03
  1.4140392e+01  1.2344573e+01  1.2337553e+01]
[-1.4721969e+03 -1.4610682e-04  9.6681777e+03  2.9877066e+04
 -3.5122808e+03  2.5419728e-04 -1.5976466e+03  2.1395626e-04
  6.9339644e+03  1.7817553e-02  1.3856836e-02  3.5955228e-03
  1.4056744e+01  1.2447819e+01  1.2489911e+01]
[-1.53870496e+03 -8.61462613e-05  6.62337695e+03  3.02055117e+04
 -9.67068726e+02  2.16517772e-04 -3.70404785e+02  1.79701921e-04
  4.73704980e+03  1.73525680e-02  1.50124263e-02  3.28553747e-03
  1.35011644e+01  1.32346973e+01  1.25335045e+01]
[-1.06204419e+03 -1.32153989e-04  9.50765137e+03  2.92085352e+04
 -2.61402759e+03  2.41530914e-04 -1.58022986e+03  2.10127851e-04
  6.98888721e+03  1.86201017e-02  1.37800230e-02  4.00042115e-03
  1.39079075e+01  1.26542854e+01  1.22196903e+01]
[-1.64924606e+02 -1.38559888e-04  8.30645605e+03  2.93245664e+04
 -1.30113623e+03  2.46702199e-04 -9.49987488e+02  1.83485128e-04
  5.08733252e+03  1.50410095e-02  1.50007019e-02  3.37484223e-03
  1.39173307e+01  1.28290844e+01  1.18499956e+01]
[-1.64924606e+02 -1.38559888e-04  8.30645605e+03  2.93245664e+04
 -1.30113623e+03  2.46702199e-04 -9.49987488e+02  1.83485128e-04
  5.08733252e+03  1.50410095e-02  1.50007019e-02  3.37484223e-03
  1.39173307e+01  1.28290844e+01  1.18499956e+01]
[ 1.1030376e+03 -9.4919698e-05  6.8020664e+03  2.9114914e+04
  1.0721885e+03  2.1476464e-04 -1.4633396e+03  1.7989535e-04
  4.8952969e+03  1.5962180e-02  1.4502333e-02  3.2053534e-03
  1.3564849e+01  1.3284967e+01  1.2026970e+01]
[ 2.0271638e+02 -6.8238012e-05  4.9907573e+03  2.3230975e+04
 -1.3731299e+02  1.9123315e-04 -2.6601889e+02  2.3445647e-04
  4.5863384e+03  9.5620360e-03  1.5668932e-02  3.2407565e-03
  1.3248043e+01  1.3155015e+01  1.2140309e+01]
[ 5.0371788e+01 -7.5276555e-05  5.9344526e+03  3.0385061e+04
 -2.2370981e+02  1.9529741e-04 -2.6543246e+02  2.5437764e-04
  6.2904023e+03  8.5573290e-03  1.6095851e-02  3.6634298e-03
  1.3061682e+01  1.2521519e+01  1.3076609e+01]
[ 5.0371788e+01 -7.5276555e-05  5.9344526e+03  3.0385061e+04
 -2.2370981e+02  1.9529741e-04 -2.6543246e+02  2.5437764e-04
  6.2904023e+03  8.5573290e-03  1.6095851e-02  3.6634298e-03
  1.3061682e+01  1.2521519e+01  1.3076609e+01]
[-1.37643921e+02 -2.98231898e-05  3.82960327e+03  2.44717637e+04
  1.19297005e+02  1.72021362e-04  2.47762909e+01  2.98282597e-04
  5.02078467e+03  6.60977466e-03  1.63934324e-02  3.12654651e-03
  1.27828884e+01  1.33789415e+01  1.35784760e+01]
[ 8.7435760e+02 -4.9898703e-05  4.1861411e+03  2.0627672e+04
 -1.1310443e+03  1.8169891e-04 -1.8454067e+03  2.7000753e-04
  3.7416606e+03  1.0379660e-02  1.3699869e-02  2.2384776e-03
  1.2985537e+01  1.3118834e+01  1.3370540e+01]
[-9.1360909e+01 -6.5617814e-06  2.6015730e+03  2.6640537e+04
 -7.4812950e+01  1.4501071e-04 -4.9226685e+02  3.3072068e-04
  7.9323984e+03  3.2495344e-03  1.6761793e-02  3.5289938e-03
  1.3016809e+01  1.3366210e+01  1.3403541e+01]
[ 1.19791895e+03 -3.24715256e-05  2.84890381e+03  2.59525527e+04
  1.15938013e+03  1.71312451e-04 -1.72908960e+03  3.20032850e-04
  5.11052881e+03  7.31690088e-03  1.54294055e-02  2.97254487e-03
  1.29369392e+01  1.41059017e+01  1.35650272e+01]
[ 1.19791895e+03 -3.24715256e-05  2.84890381e+03  2.59525527e+04
  1.15938013e+03  1.71312451e-04 -1.72908960e+03  3.20032850e-04
  5.11052881e+03  7.31690088e-03  1.54294055e-02  2.97254487e-03
  1.29369392e+01  1.41059017e+01  1.35650272e+01]
[ 5.3723696e+03 -3.2216885e-05  2.6169839e+03  9.9619609e+03
 -1.3615952e+03  1.7112875e-04 -2.2921003e+03  2.6178910e-04
  1.4359666e+03  1.4076290e-02  9.9433288e-03 -3.1777364e-04
  1.2743647e+01  1.3655010e+01  1.3291156e+01]
[ 1.1214070e+03 -3.3401320e-05  3.7831667e+03  2.4509111e+04
 -4.9560992e+02  1.5641257e-04 -3.1309580e+03  2.7111682e-04
  7.1090708e+03  9.9634286e-03  1.3794084e-02  2.8777875e-03
  1.3030208e+01  1.3492132e+01  1.2281131e+01]
[ 3.39393140e+03 -6.62986859e-05  3.67316772e+03  1.96312773e+04
 -6.21548950e+02  1.94002001e-04 -1.64657886e+03  2.54416402e-04
  2.57172119e+03  1.30633134e-02  1.19944122e-02  1.57716370e-03
  1.30291195e+01  1.36394033e+01  1.31205130e+01]
[ 3.39393140e+03 -6.62986859e-05  3.67316772e+03  1.96312773e+04
 -6.21548950e+02  1.94002001e-04 -1.64657886e+03  2.54416402e-04
  2.57172119e+03  1.30633134e-02  1.19944122e-02  1.57716370e-03
  1.30291195e+01  1.36394033e+01  1.31205130e+01]
[ 1.7058422e+03 -8.5346088e-05  3.6797654e+03  1.5274344e+04
 -1.6492207e+03  2.0851931e-04 -2.2226497e+03  2.3073592e-04
  1.9216449e+03  1.4356974e-02  1.1058004e-02  4.1944603e-04
  1.3491881e+01  1.3564621e+01  1.2698349e+01]
[-2.7344592e+02 -8.4819112e-05  3.1581523e+03  1.8982281e+04
 -1.2557140e+03  1.9858015e-04 -4.1955562e+03  2.3486456e-04
  4.0240752e+03  1.3547149e-02  1.1628833e-02  1.0590496e-03
  1.3728611e+01  1.3664516e+01  1.2180224e+01]
[ 5.18504346e+03 -9.39848687e-05  2.38922949e+03  1.47011748e+04
 -2.59709869e+02  2.12150742e-04 -3.24684229e+03  2.17009278e-04
  1.00193976e+03  1.46794692e-02  1.04122786e-02  5.57069143e-04
  1.35246658e+01  1.37467957e+01  1.25953856e+01]
[ 7.2378984e+03 -6.1173341e-05  1.9132526e+03  1.0995803e+04
 -6.9128033e+02  1.9052575e-04 -8.5306641e+02  2.3403621e-04
  6.9280261e+02  1.2325646e-02  1.1251730e-02  7.1650476e-04
  1.3360327e+01  1.3960020e+01  1.2370168e+01]
[ 4.7072510e+03 -7.7240024e-05  2.4048425e+03  1.3035700e+04
 -2.6129047e+02  2.0688990e-04 -1.1038132e+03  2.0355009e-04
  5.8114191e+02  1.4994169e-02  1.1313744e-02  3.3473645e-04
  1.3454753e+01  1.3863020e+01  1.2464868e+01]
[ 9.5963154e+03 -7.5601907e-05  3.9718436e+02  1.3435171e+04
  1.1454050e+03  1.9351594e-04 -3.2038594e+03  2.2503603e-04
  8.7010126e+02  1.3488485e-02  1.0380618e-02  8.2922453e-04
  1.3645427e+01  1.4067608e+01  1.2375552e+01]
[ 1.3623415e+04 -6.4067950e-05 -1.0820669e+01  1.1359518e+04
  6.4405334e+02  1.7844499e-04 -3.6921733e+03  2.4590289e-04
  1.2645450e+03  1.5059833e-02  8.1424471e-03  9.2927046e-04
  1.3698462e+01  1.4155726e+01  1.2588214e+01]
[ 1.5626036e+04 -4.9985483e-05 -4.9491397e+02  8.6766250e+03
  1.1138657e+03  1.7087188e-04 -3.0406565e+03  2.7565085e-04
  7.9719623e+02  1.4415118e-02  7.4901688e-03  5.5533805e-04
  1.3792748e+01  1.4428144e+01  1.3046582e+01]
[ 2.1736035e+04 -3.9766735e-05 -8.7015540e+02  5.8379619e+03
  1.4663112e+03  1.6222155e-04 -1.6032391e+03  2.8193448e-04
  1.6034149e+02  1.6675808e-02  5.1523158e-03  1.8606181e-04
  1.3752568e+01  1.4480146e+01  1.3485873e+01]
[ 2.1392348e+04 -3.7230595e-05 -3.6576089e+02  5.2081943e+03
  6.7094171e+02  1.5704366e-04 -2.7644419e+03  2.9376693e-04
  6.7704510e+02  1.9241046e-02  3.3203615e-03  4.2406141e-04
  1.3718142e+01  1.4326931e+01  1.3966074e+01]
[ 2.4290508e+04 -2.1589500e-05 -7.4128534e+02  2.9368281e+03
  5.6137433e+02  1.4738640e-04 -1.3390343e+03  3.2541723e-04
  6.1537994e+02  1.9300943e-02  2.1000400e-03  5.0852878e-04
  1.3855935e+01  1.4774874e+01  1.4340324e+01]
