nan
6.084744536209798
4.011004624775502
3.843217936410498
7.4734756345050615
9.43847518403932
3.8672351301827437
3.8021448116438714
8.025965744035696
4.0443525881547355
3.790030772474523
3.9371289466328623
4.119353024736668
3.9447953956214175
7.3095457009079166
6.5999067409844425
9.122524220895457
3.964330164826571
9.74441260838095
3.977556141837405
7.286191829057908
5.842118871223616
3.8255720562100826
3.9768075951539856
4.017990469587977
3.7683353310416443
3.7402921989884708
7.031830837867606
4.0448398532421175
3.8807344924543803
10.057926375443552
7.1725346816412765
3.9032761744116082
3.84788090278811
6.5113034930481355
3.8598637384168444
3.97824863640233
8.88670054895128
4.039892647898927
4.113220374397097
4.09624616407027
5.8171846139239305
5.028567458745952
8.594610566405551
10.558357904621491
9.260651560129382
10.910711758611908
12.41029304823507
8.328503299579632
11.2559257876486
10.374433260657842
12.062400435878336
10.893039771379431
11.974833323998778
9.726899991854243
10.603360324119173
10.649950656605524
11.899244242921075
9.904902818448512
11.486726006835998
11.393340911964193
9.422118309231047
12.03863465304936
13.678914120736877
12.417876134425462
11.25769424280436
10.606231160532527
12.60674721188574
11.241636819204796
12.504821786595853
10.888459339451709
9.862845611795828
12.167412711515809
11.399342509738428
10.995523607175064
12.704929200471893
11.098596319796165
8.048595673313034
9.963598692611098
11.681591419282558
10.52354330160163
10.681006378379786
15.906682465814376
20.032110065503204
7.955493514446193
10.427392396623109
10.12156874619579
11.916002757200642
10.655993495468508
9.399856956411876
10.326571766161925
10.467774098308231
12.053113238914163
10.771580155540716
9.742101581744585
10.13582010424324
9.550556965559423
9.588320780611548
8.718349038641065
10.017681623940609
10.851061189992347
7.641097676180276
10.32253016685442
