nan
0.008012719462736637
0.006601582541821452
0.00365995655475266
0.009432722631463103
0.006813826011954432
0.004086000509267987
0.0041555695745276455
0.003828692680815392
0.003858521340380555
0.007006222170273351
0.006727547394870436
0.00664607430552574
0.003992753160414488
0.010289810241222134
0.006048672492898161
0.0042563609346040285
0.003932455650151057
0.0038784661730324257
0.003935720053047764
0.003783960702295757
0.012305543715660519
0.003931514342692756
0.003854053812675292
0.003876712425315416
0.009785580003572077
0.007925367274052955
0.003978783696274444
0.00845525044137076
0.0038185100273766697
0.003919707528195044
0.006771923375238917
0.003888988754694358
0.0062622467600904315
0.009679734829218373
0.0036869923644091535
0.003952206465167969
0.008175728985424622
0.006082590952178114
0.009003366760347336
0.00978311923350389
0.013227561217084315
0.01030707742971524
0.00988669340230854
0.008766271597017327
0.008312946516603248
0.009588509379300102
0.01130413183783383
0.01076909543282039
0.011231564816570899
0.009651115408950976
0.012410600445027052
0.010790399290945139
0.011038797905019996
0.011948966578831984
0.010634640006603692
0.008504061257883626
0.00981762152392186
0.010247445770823765
0.010062883262706742
0.009053275981457437
0.009546512613518446
0.012833978071188834
0.007500414829643678
0.00863169448236046
0.010251203108217527
0.010748077536049309
0.010608962252030665
0.009034438684765257
0.010923834917307298
0.01112519865960508
0.011321195365110935
0.009400486959078413
0.010297834801799927
0.011021750463530542
0.020749040655537246
0.022500858879761068
0.011287916890504915
0.011912410002322954
0.009412144169604796
0.00921996433579518
0.009774707214701823
0.008629789120100236
0.009742035339621126
0.009625966446928301
0.011903405243929023
0.010770703788345626
0.012031734435963568
0.009502451347570533
0.009587441721979551
0.01022096441939134
0.011244407927403385
0.01120552277872272
0.010533536066202479
0.009160371503424292
0.00932096276329502
0.010765494153972304
0.012392235379261877
0.011345854843005323
0.012723128292999313
0.012209078943331926
0.01073490110107081
0.010254358640817323
0.010693210606922663
0.00734395598381971
0.012484998578522557
0.010962570369932135
0.01219133229498026
0.012411256657026611
0.012203541381070177
0.012928819888452441
0.012641392793687627
0.010460703445667241
