nan
8.774292386244197
8.490094174976505
8.911327739348735
3.7913927714246687
3.8070848390108436
4.891071097501282
13.65325851564772
11.10268267068683
8.299940768851547
10.46382164595358
7.795292947124218
9.131061104778063
7.537167985599511
9.964052806202812
16.085611910198228
10.382842975410856
10.162311641867118
10.708553868359223
11.571857682543904
11.287588421065179
10.48944227128963
9.162991075334288
12.319178379997748
8.189926003564805
9.435737304760666
10.022726387002088
11.103944745021707
8.010378173674003
8.444696962963674
8.735302592003352
7.797574142113045
8.612900223725656
8.52883445957435
8.558456886704294
9.086234710675017
8.410899725883459
8.495501341868534
8.801248862782751
8.954022178631229
8.631128623476949
9.348649545008831
8.266473126107757
9.231476322180844
9.945283162745893
10.219327894340584
8.119492503134905
9.146930112104096
8.922639971028145
8.331153204281748
7.333512092899183
9.058926392023539
5.776483208800701
5.848485695373494
8.393670971640441
9.637229674124645
9.827531471647701
5.5394853803566875
5.896199865027219
8.258432312748878
7.687886048059791
6.579695116053273
5.306242800341561
6.785852638605523
7.212470254459646
5.675198324216885
7.053058154027347
7.977240968373895
5.444731223225762
9.196186847837259
5.712117302403541
7.4089454280991
6.770557892249924
8.104381314266654
8.81307931003747
9.713223574067523
8.598970340629814
6.727802433934533
6.128980515513071
6.8138452676636225
6.884902517945061
5.921104454525875
8.214072729243567
10.679420083507004
5.548936679892027
19.026005462991144
9.100941436853097
4.719771773535606
6.845055172648903
8.632818344731973
4.248732073016651
5.244112177842383
6.838671795049098
6.916656355339503
11.458887938336295
8.54618433202012
8.023611776437406
9.926413676287817
11.300452528133416
6.2862811529265175
8.364192859553118
7.701649015258257
9.912004401985948
10.011596535819338
