nan
7.915073234812458
11.01058454689415
11.084886925547513
10.739026518390197
10.62546955172391
9.234297402035674
8.762313115115273
12.07207020850509
8.556093257531352
9.113312198498855
9.776292504513593
10.282181757178234
11.275974007040327
10.276091237003651
10.71198201147313
8.278049828839263
11.001720268462092
10.837772642734697
8.783298892928297
9.985182880221979
11.432649125351006
8.433066291747972
9.9520809325573
9.39236162992179
9.920361345757374
8.728681812203394
10.81883053520073
10.387197573056302
9.539181401304884
8.767074667454697
10.472187741200027
10.822212257274051
8.891981162561036
13.878383730180513
8.726522113081415
9.665458558207629
12.369911662821087
9.373544550511406
8.498877316202837
9.50753368276924
9.033972434914372
10.970875014991925
17.44588914831865
14.697366080172749
12.895107884382178
9.879514397901175
12.68267843270791
16.82817327632269
12.716595014369275
10.291379531594389
8.92100349393374
16.034231267837466
15.678908603689923
16.45692025302594
9.930996831005958
13.845898403160897
13.492856481148173
13.943454010111559
11.92049613122099
14.337762248311254
13.876266159615223
12.104040256692484
24.312877180519315
3.9459890701917235
6.943800212612411
9.805268421627481
5.885542457362446
6.041688717453639
3.86735017981226
3.9080675691275744
3.924817363385887
6.538002629472479
8.469784099449392
3.9239593208190002
4.1105434749925625
3.7007621092868725
3.8560076027623076
3.9972579211470265
8.474945493355886
4.030258168122272
4.031886462547143
7.018984104412722
3.997673694279431
6.549340101913391
3.9705465173143573
3.8858689738635017
9.584771707325897
9.625338057124624
3.987049260685555
6.031706243082676
4.016688176137029
9.008165242370643
6.262210498524972
3.8978323114442213
8.582810063904885
4.074258631883017
9.908731133039558
7.466643751477441
12.934224028311796
10.743288218905025
12.163319154661096
11.418394558024207
