0.0005919902255603252
0.9883360314043608
0.9607607431469647
0.9290812514619086
0.8026601875456982
0.8791618838728174
0.9693371062763835
0.8901074518418541
1.0093340031074403
0.9211260206213825
1.0114830220677458
0.9246384872080089
0.7974918345586439
0.795902565159017
0.8542145431120622
0.9607875948237393
1.0467913249831566
1.1394833703739848
1.0681071677056935
1.1241542601067254
1.096351035834912
1.0579903977971334
1.3254113238984995
1.3032138744344415
1.322984475541035
1.2242351858084004
1.099249298753967
1.2086358488423483
1.299136320388506
1.3458325252495114
1.3680933844739898
1.3195264931726765
1.300115709180379
1.3743719962814083
1.3543297561247967
1.364839866028963
1.2365842059185994
1.3129318366413072
1.3388746832876086
1.2595419668174481
1.3066262381471148
1.3683551320344551
1.2509748138845627
1.4560578555938841
1.1606082569392144
1.0828777639333709
1.2158043342367864
1.151108823815592
1.1786376848604112
1.1770020941084955
1.0723024246137194
1.2624877390777924
1.2016023858159874
1.198771577829383
1.2285727912708913
1.1492543453015684
1.2497552372090897
1.1249017424458594
1.1418478963884762
1.1268165482199797
1.2167066130266144
1.2025122949630949
1.1788047762239804
1.1705912553464277
1.4076180678395123
1.282414513986686
1.4151766974133415
1.5584153236391738
1.488036042203422
1.4951427208175736
1.5030779753761971
1.424720187409363
1.3177915663814657
1.3622708209803052
1.413467884115413
1.35553696108421
1.5493475882064824
1.3953573853801795
