0.0029719466775431145
1.1407664992993873
1.110965238033163
1.1242097923289829
1.2073726374444955
1.237907768424008
1.2076782114799396
1.1336446341063648
1.0984353839074978
1.1283899903592238
1.1431044076682897
1.207857628418539
1.1984109677358186
1.238983252525876
1.150231233849131
1.1132485245006456
1.0542722170907222
1.0650103361383516
1.0669693899442598
1.0301962755537708
1.1106704790981845
1.0840941708940692
1.0547744264366299
0.9403429675549472
0.9304484363900433
1.0455414361764468
0.9816575687463549
1.0122285567152354
0.9195891481387373
0.9931391554350968
0.9548383549019728
0.8731020236928396
0.9454118751466792
0.9369467545987344
0.9441646765292373
0.984223225660438
0.9452253662331529
0.9512120841866463
0.9441718825779889
0.9568555115615838
0.9388166079926137
1.00153544185554
0.9767005296473446
1.0848361618380813
0.903611073981609
1.095495713941689
1.13029358759532
0.9667161331354676
1.1156757579215641
1.1790009142825595
1.0914096040043126
1.114841348355167
1.0495459757012877
1.0670761364137833
1.078429730378609
1.0976560085868923
1.0262564557065545
1.0663003604104406
1.083518457248192
1.157202188064995
1.0779370563953667
1.0570891542540892
1.1129647288804103
1.1102304233205709
1.0794394906357065
1.109659897673709
1.0752653921533384
1.089858184682765
1.0844177392463523
1.090573064751374
1.0792010409742374
1.0521972259336967
1.073878825872729
1.1227805245554157
1.0226230496541626
1.144618093770636
1.0871689524730745
1.0719120819940666
1.118611594126104
1.0783501668672293
1.1911924261413884
1.1588130153630445
1.1611248981061926
1.1699939676342201
1.1409688660597728
0.9600659390531969
1.2019545669922773
1.1475979826841316
1.1321593612683818
1.1201146677173197
1.126447917303523
1.1379067971787777
1.1632216365088142
1.167086587234683
1.2440933542193195
1.3291732409571375
1.2410873139841614
1.1592027236184732
1.334589319253314
1.2380891404904855
1.3115311919807588
1.1946339517824796
1.1784903515443665
1.3136607225133974
