0.013162433692056243
0.8797971550914944
0.7924750946476246
1.1838911933479417
0.9556307646533769
0.9953539708578047
1.0582410662200887
0.9740843231214537
0.8745015915073376
0.8353039542617833
1.0274773258248213
0.9365822758715041
0.9008229388094039
0.8385291499698445
0.950309825248054
1.001445901147687
0.8369351892817842
1.0166277506544965
0.9552646325630305
0.9464360026157779
1.0113877249661258
0.8930816519409351
0.9946822441612864
0.9434086879049012
1.0610880702145518
1.070361413374652
1.0218474020588775
0.9504067821057749
0.8499762806434599
0.950455317545505
0.9966144407780421
0.989918588892881
0.9131974767378459
0.843522241312819
1.0054774934203181
0.952728841246309
0.9353572914018211
0.891525582917943
1.0538323132030891
1.1158590079548318
0.9946960769721988
1.0065152956317178
0.9510730016081754
0.9436402210011021
0.9508612930629302
1.0580035206618008
1.1545797678245564
1.1040889964335796
0.9247544383054673
1.063101051817172
1.1217763148428437
1.1619560871632666
1.1005205672440366
0.9854257398580295
0.9807930769098567
1.1431193690253865
1.0007762030081062
0.9968260722000766
1.0183756653166547
1.0496362393579661
1.0062518661599313
1.0007783357916304
1.0983376645685503
0.9488545672342837
1.2564484324286216
1.21172646898639
1.1733790753910112
1.1641430846473475
1.1864814062897826
1.2214442424071417
1.2379819998653265
1.2127376466867734
1.2044004698632755
1.1527043942456456
1.2258874658319014
1.2273910966966743
1.2039354165944463
1.2513079132568852
1.235540655802659
1.1230502599653378
1.234651113189586
1.242742098094325
1.1489844802692402
1.2189855405307153
1.187668488913669
1.204453222135737
1.2359975510341636
1.1471775589534274
1.1280261106267255
1.2207309565970772
1.199990480710139
1.211273706146413
1.1486675562118436
1.173284738446394
1.222150424135505
1.1337240906674584
1.240463549425485
1.077933847711801
1.1381548955225604
1.0068859557487353
1.0377097123172296
1.1246225353780568
1.0020606009812907
