0.0026121902783200895
1.1666354098051697
1.2119673197585688
1.2011026651878067
1.200103038212941
1.1327773936385142
1.210129416618166
1.190585668465415
1.2064497512280101
1.2230602221226914
1.211154981158811
1.2290316061672548
1.233712896742568
1.2063137124441685
1.1962347044190758
1.1645829602674769
1.1761292750431467
1.2224137295875328
1.1223677274268657
1.2124146960444073
1.2335865352601785
1.1846076058553054
1.22737035900583
1.218813907873153
1.2278315946348735
1.2139694482778522
1.2115760758580718
1.2119447468733726
1.2371831645439808
1.2133106339686042
1.1339089843070587
1.197817785101906
1.2068745758183912
1.2297912501611246
1.183496087106419
1.2373318560324083
1.2285999246912025
1.1341912616356857
1.2278990741853362
1.1823065021328514
1.2154898002297818
1.198559393265507
1.233732801241374
1.0475402268636065
0.9336227832165778
0.8894935858120125
0.9434811228402921
0.8890012797591265
0.8928548975912167
0.905195899618451
0.9466450448826005
0.94294564402833
0.8906937233985877
0.9051701838465265
0.9015178952087011
0.8399474815635642
0.8960444553914405
0.9812436933506457
0.8367220211119174
0.9625426605779865
0.8871913633751008
0.8529473096508163
0.948554132486624
0.8232645156371242
0.9042891166913919
0.89426444989756
1.0125705959939735
0.9032960624552814
0.9629739455262788
0.939419470284086
0.8521422437026707
0.7284395944946978
0.8359214133761077
0.9900678711897855
1.0545948316399583
1.022652488862089
0.9998599191133615
0.8930158989508025
0.8933785817615015
0.9684211026311196
0.8463493416694707
0.8415095822580857
0.9337298581771583
0.8113286269488771
0.8409714708325503
0.9345713397654016
0.8366472043578826
0.891308305104992
0.9382802099772344
1.0568284120195337
0.9435527660315527
0.9452646720486738
0.9968542282650615
1.0763709821671419
0.9607547711793091
0.8382823515846152
0.998007250362743
1.0008688559051595
0.8096228310173355
0.7966866905221535
0.8508911406393834
0.7938394709765518
0.8836155658149831
